FC1- 9b sun compass orientation
      0  33.8  82.0   0.0   0.0   1.0
NRM    291.6  41.7 291.6  41.7 1.46E-02 000.4 195.8  54.6 5.550094 5.281236 8.054013 hargrave 2020-02-24 11:29:11 
TT 100 291.9  41.2 291.9  41.2 1.46E-02 001.2 195.8  55.2 5.699530 27.29331 10.45989 hargrave 2020-02-25 11:47:30 
TT 150 291.9  40.0 291.9  40.0 1.46E-02 001.6 196.5  56.3 4.299213 39.32087 14.02538 hargrave 2020-02-26 08:59:17 
TT 200 290.5  36.7 290.5  36.7 1.45E-02 002.1 200.9  58.9 17.51608 50.40298 6.546601 hargrave 2020-02-27 17:30:18 
TT 250 291.5  36.0 291.5  36.0 1.45E-02 001.3 200.1  59.8 12.26060 28.79415 5.172181 hargrave 2020-02-28 11:41:43 
TT 300 289.9  34.9 289.9  34.9 1.45E-02 002.3 203.4  60.3 33.14174 47.41614 7.328194 hargrave 2020-03-01 13:50:17 
TT 350 289.6  33.6 289.6  33.6 1.44E-02 002.5 205.2  61.3 36.93516 50.65360 5.896834 hargrave 2020-03-02 08:41:04 
TT 400 287.7  31.6 287.7  31.6 1.42E-02 002.3 210.3  62.0 36.04226 43.09560 5.936819 hargrave 2020-03-02 12:48:08 
TT 425 288.4  31.2 288.4  31.2 1.40E-02 003.1 209.7  62.7 42.95785 61.96737 4.861598 hargrave 2020-03-02 17:13:03 
TT 450 287.9  30.5 287.9  30.5 1.40E-02 002.0 211.3  63.0 28.64337 40.72711 4.097265 hargrave 2020-03-03 11:33:30 
TT 475 290.0  31.0 290.0  31.0 1.38E-02 001.0 207.5  63.6 11.25818 20.33020 4.054036 hargrave 2020-03-03 16:05:55 
TT 500 288.2  29.6 288.2  29.6 1.36E-02 002.0 212.2  63.9 23.25979 40.18336 4.571214 hargrave 2020-03-05 10:30:40 
TT 520 288.2  29.0 288.2  29.0 1.34E-02 001.9 212.9  64.4 18.02115 40.74114 5.131375 hargrave 2020-03-05 16:00:02 
TT 540 287.9  28.5 287.9  28.5 1.30E-02 000.8 214.1  64.6 6.636421 16.75681 6.338129 hargrave 2020-03-06 12:16:56 
TT 550 288.5  28.1 288.5  28.1 1.25E-02 002.2 213.8  65.2 11.31768 46.45505 8.146286 hargrave 2020-03-06 17:49:29 
TT 560 285.1  25.3 285.1  25.3 1.17E-02 000.9 223.6  65.1 12.16625 12.95256 7.196732 hargrave 2020-03-08 16:12:01 
TT 563 286.2  25.9 286.2  25.9 1.10E-02 002.1 221.0  65.5 9.287386 39.60170 7.872192 hargrave 2020-03-09 10:04:41 
TT 566 285.9  25.6 285.9  25.6 1.07E-02 002.0 222.1  65.5 7.835774 35.76875 7.668882 hargrave 2020-03-09 14:34:17 
TT 568 285.3  25.0 285.3  25.0 1.01E-02 001.3 223.8  65.5 21.89102 7.400326 4.877426 hargrave 2020-03-09 19:34:32 
TT 571 285.4  25.0 285.4  25.0 8.75E-03 001.3 223.9  65.6 7.040715 18.15427 6.470823 hargrave 2020-03-10 12:10:11 
TT 575 284.1  22.8 284.1  22.8 6.85E-03 001.7 229.8  66.0 3.685950 19.19734 5.342440 hargrave 2020-03-10 16:49:54 
TT 578 283.4  22.9 283.4  22.9 5.32E-03 001.4 230.4  65.4 3.293318 12.10136 4.631744 hargrave 2020-03-11 08:48:36 
TT 581 289.7  23.0 289.7  23.0 5.66E-04 001.1 220.3  69.8 0.936825 0.519792 0.212163 hargrave 2020-03-12 12:30:52 
TT 585 280.4  28.4 280.4  28.4 2.56E-04 003.3 224.3  60.0 1.169674 0.903065 0.147699 hargrave 2020-03-13 08:33:32 
TT 600 265.7  34.9 265.7  34.9 1.46E-04 002.0 226.7  46.0 0.245846 0.436205 0.140996 hargrave 2020-03-14 14:18:04 
