FC1- 7b sun compass orientation
      0  12.1  62.0   0.0   0.0   1.0
NRM    302.6  45.5 302.6  45.5 7.03E-03 000.7 142.7  66.1 6.812550 4.160321 3.052809 hargrave 2020-02-24 11:26:16 
NRM    302.2  46.1 302.2  46.1 7.04E-03 001.1 144.2  66.0 7.811524 10.52354 2.439715 hargrave 2020-02-25 08:51:55 
TT 100 302.2  44.9 302.2  44.9 6.99E-03 000.5 142.0  66.7 3.993024 3.495293 2.959441 hargrave 2020-02-25 11:44:33 
TT 150 301.8  44.2 301.8  44.2 6.94E-03 000.8 141.0  67.4 5.655432 7.554518 3.105843 hargrave 2020-02-26 08:56:21 
TT 200 301.2  43.9 301.2  43.9 6.81E-03 000.5 141.2  67.9 4.135063 3.021944 2.324457 hargrave 2020-02-27 17:26:32 
TT 250 300.4  43.7 300.4  43.7 6.73E-03 001.2 141.7  68.5 5.723450 12.71861 2.146352 hargrave 2020-02-28 11:37:57 
TT 300 300.0  42.6 300.0  42.6 6.67E-03 000.7 140.0  69.4 6.602593 3.558121 3.308408 hargrave 2020-03-01 13:47:58 
TT 350 298.9  41.8 298.9  41.8 6.55E-03 001.2 139.7  70.6 12.94494 5.461617 2.492233 hargrave 2020-03-02 08:38:44 
TT 400 298.4  40.9 298.4  40.9 6.38E-03 001.0 138.3  71.5 3.084782 10.14679 2.989599 hargrave 2020-03-02 12:45:49 
TT 425 297.9  40.2 297.9  40.2 6.27E-03 001.1 137.2  72.2 10.59387 3.935939 2.990538 hargrave 2020-03-02 17:10:44 
TT 450 295.9  40.9 295.9  40.9 6.20E-03 000.6 142.3  72.8 5.452553 3.714532 2.728426 hargrave 2020-03-03 11:31:10 
TT 475 296.6  39.2 296.6  39.2 6.06E-03 000.6 136.7  73.6 3.380032 5.281617 2.061934 hargrave 2020-03-03 16:02:54 
TT 500 295.5  38.9 295.5  38.9 5.93E-03 001.0 137.8  74.4 8.651418 5.231813 3.105310 hargrave 2020-03-05 10:27:43 
TT 520 295.6  38.0 295.6  38.0 5.76E-03 000.6 134.9  74.9 3.499220 5.153610 2.186118 hargrave 2020-03-05 15:57:08 
TT 540 294.5  38.4 294.5  38.4 5.50E-03 000.6 138.4  75.3 3.608232 3.665999 2.329331 hargrave 2020-03-06 12:13:12 
TT 550 294.2  38.0 294.2  38.0 5.17E-03 000.6 138.0  75.8 3.866935 3.406969 1.910353 hargrave 2020-03-06 17:46:34 
TT 560 295.6  36.8 295.6  36.8 4.47E-03 001.9 131.2  75.6 12.57026 8.493984 1.420163 hargrave 2020-03-08 16:09:36 
TT 563 295.2  36.4 295.2  36.4 4.35E-03 000.8 130.6  76.1 5.433197 2.731990 1.856585 hargrave 2020-03-09 10:02:16 
TT 566 294.4  36.5 294.4  36.5 4.15E-03 001.0 132.4  76.6 6.768465 3.290349 1.788351 hargrave 2020-03-09 14:31:50 
TT 568 296.4  35.5 296.4  35.5 3.57E-03 000.8 125.1  75.8 4.588994 2.418626 0.874836 hargrave 2020-03-09 19:31:28 
TT 571 296.2  35.3 296.2  35.3 2.81E-03 001.3 124.8  76.0 5.583039 2.802298 0.904195 hargrave 2020-03-10 12:07:15 
TT 575 298.7  35.5 298.7  35.5 1.64E-03 000.6 122.2  74.1 1.429828 1.016107 0.549019 hargrave 2020-03-10 16:47:28 
TT 578 293.2  35.2 293.2  35.2 1.24E-03 000.6 130.2  78.2 1.009755 0.710360 0.447253 hargrave 2020-03-11 08:46:16 
TT 581 297.6  43.7 297.6  43.7 1.69E-04 002.2 145.5  70.0 0.549826 0.323625 0.076418 hargrave 2020-03-12 12:27:56 
TT 585 295.0  23.7 295.0  23.7 9.62E-05 002.2 072.6  77.6 0.276988 0.229059 0.131575 hargrave 2020-03-13 08:30:29 
TT 600 003.8  31.4 003.8  31.4 6.90E-05 001.2 115.5  20.7 0.195370 0.131570 0.130085 hargrave 2020-03-14 14:15:08 
