FC1- 4b sun compass orientation
      0   8.3  48.0   0.0   0.0   1.0
NRM    307.7  26.4 307.7  26.4 1.64E-02 002.0 066.5  61.3 50.47639 24.63132 9.282166 hargrave 2020-02-24 11:20:29 
TT 100 308.2  26.7 308.2  26.7 1.63E-02 000.7 067.6  61.2 9.538572 14.92399 9.724124 hargrave 2020-02-25 11:39:36 
TT 150 306.7  24.9 306.7  24.9 1.62E-02 000.8 062.9  61.0 11.63388 18.09106 10.21448 hargrave 2020-02-26 08:52:12 
TT 200 309.1  25.0 309.1  25.0 1.62E-02 000.7 066.0  59.4 17.83698 9.693031 4.499465 hargrave 2020-02-27 17:22:22 
TT 250 308.5  24.5 308.5  24.5 1.61E-02 001.5 064.5  59.5 39.03104 15.47698 6.099127 hargrave 2020-02-28 11:33:48 
TT 300 307.5  24.1 307.5  24.1 1.60E-02 000.6 062.7  59.9 7.687632 13.81020 6.559871 hargrave 2020-03-01 13:43:56 
TT 350 307.5  24.3 307.5  24.3 1.58E-02 000.8 063.1  60.1 15.37980 11.33931 8.725901 hargrave 2020-03-02 08:34:03 
TT 400 306.7  23.9 306.7  23.9 1.55E-02 000.6 061.5  60.3 9.535750 10.28183 7.819392 hargrave 2020-03-02 12:42:30 
TT 425 306.5  23.7 306.5  23.7 1.53E-02 001.1 060.8  60.3 27.09852 11.72278 8.822959 hargrave 2020-03-02 17:07:24 
TT 450 306.0  23.5 306.0  23.5 1.51E-02 000.8 059.9  60.5 13.89632 15.42361 7.623037 hargrave 2020-03-03 11:27:50 
TT 475 305.9  23.7 305.9  23.7 1.49E-02 001.3 060.0  60.7 28.42723 18.12052 8.532111 hargrave 2020-03-03 15:59:35 
TT 500 305.6  23.3 305.6  23.3 1.46E-02 000.7 059.1  60.6 11.17049 13.24134 9.527198 hargrave 2020-03-05 10:22:48 
TT 520 306.2  24.3 306.2  24.3 1.42E-02 001.0 061.3  60.9 20.04256 13.48277 7.837577 hargrave 2020-03-05 15:52:57 
TT 540 305.5  23.5 305.5  23.5 1.36E-02 000.7 059.2  60.8 9.539368 12.39791 8.572717 hargrave 2020-03-06 12:09:06 
TT 550 304.8  23.0 304.8  23.0 1.29E-02 000.7 057.7  60.9 6.682374 11.86056 7.214473 hargrave 2020-03-06 17:41:36 
TT 560 306.1  21.9 306.1  21.9 1.10E-02 001.0 057.9  59.3 17.57878 7.714203 5.496657 hargrave 2020-03-08 16:04:33 
TT 563 306.3  22.0 306.3  22.0 1.08E-02 000.8 058.3  59.2 9.823073 8.411849 6.147822 hargrave 2020-03-09 09:58:52 
TT 566 308.4  21.2 308.4  21.2 9.61E-03 000.7 059.9  57.2 6.429089 7.905504 5.286829 hargrave 2020-03-09 14:28:22 
TT 568 309.8  20.3 309.8  20.3 8.80E-03 001.3 060.5  55.8 17.44012 7.985299 4.660692 hargrave 2020-03-09 19:27:02 
TT 571 311.0  17.0 311.0  17.0 7.16E-03 000.6 058.1  52.6 4.136185 5.790986 3.985670 hargrave 2020-03-10 12:03:08 
TT 575 310.8  16.0 310.8  16.0 3.70E-03 002.3 056.8  52.0 10.74124 10.34104 2.403834 hargrave 2020-03-10 16:43:58 
TT 578 312.3  17.5 312.3  17.5 2.73E-03 002.0 060.2  52.1 6.798682 6.511431 1.674505 hargrave 2020-03-11 08:42:54 
TT 581 308.9  20.0 308.9  20.0 6.52E-04 000.6 059.1  56.1 0.516082 0.405202 0.252823 hargrave 2020-03-12 12:23:45 
TT 585 309.8  23.5 309.8  23.5 2.48E-04 001.6 064.8  58.0 0.415443 0.514084 0.245137 hargrave 2020-03-13 08:26:12 
TT 600 317.9  04.1 317.9  04.1 1.54E-04 001.1 054.1  38.2 0.144695 0.255145 0.110735 hargrave 2020-03-14 14:10:58 
