FC1- 2b sun compass orientation
      0  16.0  57.0   0.0   0.0   1.0
NRM    275.8  52.4 275.8  52.4 9.55E-03 001.1 197.8  69.2 5.574415 17.54122 3.660778 hargrave 2020-02-24 11:17:34 
TT 100 275.0  50.6 275.0  50.6 9.49E-03 001.4 201.5  70.6 5.658216 21.40190 4.927677 hargrave 2020-02-25 11:35:51 
TT 150 275.0  49.0 275.0  49.0 9.40E-03 001.3 203.9  72.0 6.855576 20.03626 5.808388 hargrave 2020-02-26 08:49:16 
TT 200 276.9  46.4 276.9  46.4 9.27E-03 000.9 204.8  74.9 6.190539 13.44975 2.525511 hargrave 2020-02-27 17:19:24 
TT 250 277.2  45.2 277.2  45.2 9.16E-03 001.2 206.5  76.0 5.778951 18.10760 3.299960 hargrave 2020-02-28 11:30:48 
TT 300 276.6  44.1 276.6  44.1 9.14E-03 001.9 210.6  76.7 17.51278 25.07445 1.905641 hargrave 2020-03-01 13:41:37 
TT 350 276.5  42.7 276.5  42.7 8.92E-03 001.6 214.9  77.7 13.78804 20.70560 2.031410 hargrave 2020-03-02 08:31:43 
TT 400 275.3  41.5 275.3  41.5 8.75E-03 001.2 221.9  78.0 11.41435 14.65796 1.912661 hargrave 2020-03-02 12:40:11 
TT 425 275.6  40.6 275.6  40.6 8.66E-03 001.3 224.4  78.7 11.89982 16.42313 2.073748 hargrave 2020-03-02 17:05:04 
TT 450 276.1  40.2 276.1  40.2 8.52E-03 001.1 225.0  79.3 8.195089 14.89386 1.607699 hargrave 2020-03-03 11:25:31 
TT 475 275.7  39.0 275.7  39.0 8.36E-03 001.2 231.0  79.8 8.485534 15.60445 1.411650 hargrave 2020-03-03 15:57:16 
TT 500 275.9  37.8 275.9  37.8 8.19E-03 001.3 236.7  80.5 9.549445 15.96503 1.927739 hargrave 2020-03-05 10:19:54 
TT 520 275.7  37.2 275.7  37.2 7.93E-03 001.3 240.9  80.6 4.663665 16.50661 2.711126 hargrave 2020-03-05 15:50:03 
TT 540 276.1  36.8 276.1  36.8 7.51E-03 001.0 242.0  81.1 3.949327 12.87903 2.654789 hargrave 2020-03-06 12:06:11 
TT 550 275.8  35.5 275.8  35.5 7.16E-03 001.1 250.9  81.3 5.391659 12.28303 1.964972 hargrave 2020-03-06 17:38:41 
TT 560 275.4  33.2 275.4  33.2 6.49E-03 001.2 265.9  81.1 5.211992 12.02321 1.345837 hargrave 2020-03-08 16:01:28 
TT 563 275.8  33.1 275.8  33.1 6.35E-03 001.2 266.4  81.4 8.212616 10.71012 1.689384 hargrave 2020-03-09 09:56:28 
TT 566 274.0  32.5 274.0  32.5 5.59E-03 001.0 269.5  79.9 4.628296 9.059598 1.712601 hargrave 2020-03-09 14:25:56 
TT 568 271.9  31.3 271.9  31.3 4.96E-03 001.1 274.1  78.0 5.210013 8.232655 1.222205 hargrave 2020-03-09 19:23:40 
TT 571 268.9  30.7 268.9  30.7 3.77E-03 000.7 274.5  75.3 1.768553 4.375954 1.236225 hargrave 2020-03-10 12:00:12 
TT 575 266.7  31.2 266.7  31.2 1.97E-03 001.2 270.9  73.6 3.434737 2.363746 0.591518 hargrave 2020-03-10 16:41:34 
TT 578 270.1  29.9 270.1  29.9 1.01E-03 001.7 278.8  76.1 2.543076 1.496627 0.437880 hargrave 2020-03-11 08:40:34 
TT 581 261.4  33.9 261.4  33.9 5.69E-04 001.1 260.5  69.5 0.522804 0.929283 0.206597 hargrave 2020-03-12 12:20:44 
TT 585 266.8  27.5 266.8  27.5 1.92E-04 001.7 283.1  72.5 0.522837 0.201549 0.216925 hargrave 2020-03-13 08:23:12 
TT 600 299.4  17.7 299.4  17.7 1.29E-04 001.9 041.3  70.5 0.245578 0.359033 0.092456 hargrave 2020-03-14 14:08:00 
