FC1- 8b sun compass orientation
      0  15.9  47.0   0.0   0.0   1.0
NRM    301.1  58.5 301.1  58.5 1.63E-02 001.9 153.8  71.9 24.61685 46.49401 11.48550 hargrave 2020-02-24 11:27:42 
TT 100 300.9  57.2 300.9  57.2 1.58E-02 002.1 151.5  72.9 11.48580 57.15732 8.392500 hargrave 2020-02-25 11:46:00 
TT 150 299.1  57.3 299.1  57.3 1.54E-02 001.4 154.3  73.4 18.51219 33.44393 6.802614 hargrave 2020-02-26 08:57:47 
TT 200 301.8  55.3 301.8  55.3 1.46E-02 001.7 145.6  73.9 26.62261 30.63572 12.62815 hargrave 2020-02-27 17:27:58 
TT 250 301.2  55.0 301.2  55.0 1.42E-02 001.7 145.7  74.5 31.37839 28.06234 10.71186 hargrave 2020-02-28 11:40:13 
TT 300 299.7  54.6 299.7  54.6 1.39E-02 002.3 147.0  75.3 31.85305 43.72438 12.97947 hargrave 2020-03-01 13:49:06 
TT 350 298.7  54.0 298.7  54.0 1.35E-02 002.3 146.9  76.2 38.37393 36.62127 10.39589 hargrave 2020-03-02 08:39:52 
TT 400 298.0  52.9 298.0  52.9 1.30E-02 002.3 145.1  77.2 34.70179 37.08419 10.18448 hargrave 2020-03-02 12:46:57 
TT 425 296.6  52.7 296.6  52.7 1.27E-02 002.1 147.2  78.0 31.21888 33.43140 8.098954 hargrave 2020-03-02 17:11:52 
TT 450 295.6  52.1 295.6  52.1 1.25E-02 001.9 147.9  78.8 28.59523 30.12884 7.498610 hargrave 2020-03-03 11:32:18 
TT 475 296.0  51.1 296.0  51.1 1.20E-02 001.9 143.3  79.3 24.22918 31.39764 5.849090 hargrave 2020-03-03 16:04:43 
TT 500 294.7  50.9 294.7  50.9 1.17E-02 001.8 145.8  80.1 28.77242 21.99419 6.996869 hargrave 2020-03-05 10:29:08 
TT 520 294.0  50.1 294.0  50.1 1.12E-02 001.7 145.0  81.0 13.48801 29.82711 4.382320 hargrave 2020-03-05 15:58:34 
TT 540 293.0  49.5 293.0  49.5 1.06E-02 001.6 145.5  81.9 18.82202 22.29645 3.890428 hargrave 2020-03-06 12:14:38 
TT 550 292.7  48.8 292.7  48.8 9.94E-03 001.4 142.9  82.5 14.95893 19.09752 4.111736 hargrave 2020-03-06 17:48:00 
TT 560 290.5  49.2 290.5  49.2 8.13E-03 001.1 154.7  83.0 11.89591 10.20026 3.475469 hargrave 2020-03-08 16:10:46 
TT 563 291.1  48.9 291.1  48.9 7.59E-03 001.3 150.2  83.1 8.960211 14.17295 3.331143 hargrave 2020-03-09 10:03:29 
TT 566 290.6  48.8 290.6  48.8 7.26E-03 001.4 152.4  83.3 7.411072 15.70748 3.100167 hargrave 2020-03-09 14:33:02 
TT 568 290.3  50.1 290.3  50.1 6.06E-03 001.3 158.7  82.3 8.931657 9.994191 2.665826 hargrave 2020-03-09 19:33:00 
TT 571 290.1  51.0 290.1  51.0 4.92E-03 001.7 161.7  81.5 3.123579 13.95008 2.102808 hargrave 2020-03-10 12:08:41 
TT 575 289.8  52.2 289.8  52.2 3.35E-03 001.2 165.6  80.4 2.501642 6.256592 1.590884 hargrave 2020-03-10 16:48:38 
TT 578 288.3  53.2 288.3  53.2 2.40E-03 001.3 171.9  79.7 1.725381 4.998643 1.245554 hargrave 2020-03-11 08:47:24 
TT 581 294.9  54.7 294.9  54.7 3.05E-04 000.7 156.5  76.9 0.200771 0.281629 0.350204 hargrave 2020-03-12 12:29:22 
TT 585 296.6  45.8 296.6  45.8 1.03E-04 002.5 113.7  81.8 0.109005 0.387128 0.404669 hargrave 2020-03-13 08:31:59 
TT 600 020.9  64.7 020.9  64.7 6.80E-05 001.9 148.2  36.1 0.133142 0.261593 0.165232 hargrave 2020-03-14 14:16:34 
