FC1- 3b sun compass orientation
      0   8.4  66.0   0.0   0.0   1.0
NRM    306.0  62.4 306.0  62.4 2.38E-02 002.2 161.5  47.3 19.07926 88.23844 21.66301 hargrave 2020-02-24 11:19:03 
TT 100 309.1  59.3 309.1  59.3 2.25E-02 002.1 156.7  48.7 13.64632 75.08450 30.26555 hargrave 2020-02-25 11:37:20 
TT 150 308.0  57.9 308.0  57.9 2.17E-02 002.1 155.9  50.0 12.45339 70.93497 35.80004 hargrave 2020-02-26 08:50:46 
TT 200 307.0  56.1 307.0  56.1 2.08E-02 001.8 154.5  51.7 7.624035 61.85238 18.10073 hargrave 2020-02-27 17:20:57 
TT 250 306.1  55.0 306.1  55.0 2.04E-02 001.4 153.8  52.9 7.600972 45.85391 18.12575 hargrave 2020-02-28 11:32:21 
TT 300 303.8  53.9 303.8  53.9 2.01E-02 000.5 154.1  54.6 9.419649 13.26181 9.739491 hargrave 2020-03-01 13:42:48 
TT 350 301.0  52.7 301.0  52.7 1.95E-02 002.1 155.1  56.6 21.87523 67.48503 11.92209 hargrave 2020-03-02 08:32:55 
TT 400 299.4  51.3 299.4  51.3 1.89E-02 001.0 154.7  58.3 9.675430 30.27238 10.88926 hargrave 2020-03-02 12:41:22 
TT 425 297.5  50.1 297.5  50.1 1.85E-02 002.7 155.2  60.0 29.62893 81.21143 10.05220 hargrave 2020-03-02 17:06:15 
TT 450 295.6  49.2 295.6  49.2 1.81E-02 002.4 156.2  61.4 21.30892 73.88505 9.552439 hargrave 2020-03-03 11:26:42 
TT 475 294.7  47.8 294.7  47.8 1.77E-02 000.7 155.5  63.0 13.00520 14.48979 9.201563 hargrave 2020-03-03 15:58:27 
TT 500 294.3  45.4 294.3  45.4 1.71E-02 002.0 152.9  65.0 16.67675 57.27736 9.969667 hargrave 2020-03-05 10:21:22 
TT 520 292.6  44.1 292.6  44.1 1.64E-02 001.1 153.5  66.7 12.38079 27.14627 10.00166 hargrave 2020-03-05 15:51:32 
TT 540 291.7  42.6 291.7  42.6 1.53E-02 001.6 152.6  68.3 9.258652 40.47522 10.14713 hargrave 2020-03-06 12:07:40 
TT 550 291.4  40.1 291.4  40.1 1.42E-02 001.3 148.9  70.5 24.53456 18.27606 10.42186 hargrave 2020-03-06 17:40:10 
TT 560 294.4  34.1 294.4  34.1 9.19E-03 001.7 129.5  72.8 22.66129 12.93120 6.237696 hargrave 2020-03-08 16:02:41 
TT 563 294.5  34.1 294.5  34.1 9.04E-03 001.8 129.2  72.7 26.24501 10.16922 6.285016 hargrave 2020-03-09 09:57:40 
TT 566 294.0  32.7 294.0  32.7 6.91E-03 001.6 125.9  73.8 11.51122 15.35530 4.550669 hargrave 2020-03-09 14:27:10 
TT 568 293.4  32.2 293.4  32.2 5.98E-03 001.7 125.0  74.5 16.08278 7.097972 2.935597 hargrave 2020-03-09 19:25:28 
TT 571 293.1  30.5 293.1  30.5 4.20E-03 001.6 119.5  75.4 8.706876 7.931742 2.097071 hargrave 2020-03-10 12:01:41 
TT 575 294.9  28.4 294.9  28.4 1.80E-03 001.4 109.9  74.5 2.288535 3.871199 0.779497 hargrave 2020-03-10 16:42:45 
TT 578 291.9  31.7 291.9  31.7 1.09E-03 001.5 126.0  75.8 1.714176 2.460350 0.461660 hargrave 2020-03-11 08:41:45 
TT 581 302.6  39.1 302.6  39.1 4.20E-04 002.1 132.2  64.6 0.370284 1.594914 0.160431 hargrave 2020-03-12 12:22:14 
TT 585 296.5  38.4 296.5  38.4 2.26E-04 002.4 137.3  68.9 0.935426 0.435495 0.144905 hargrave 2020-03-13 08:24:42 
TT 600 317.4  39.4 317.4  39.4 1.31E-04 001.5 124.6  53.8 0.366284 0.294774 0.151140 hargrave 2020-03-14 14:09:30 
