FC1- 1b sun compass orientation
      0  10.6  60.0   0.0   0.0   1.0
NRM    282.9  36.9 282.9  36.9 1.02E-02 000.5 165.0  82.8 7.215664 3.915866 1.679441 hargrave 2020-02-24 11:16:02 
TT 100 282.6  36.5 282.6  36.5 1.02E-02 000.5 165.9  83.3 3.273646 8.265699 2.026801 hargrave 2020-02-25 11:34:18 
TT 150 282.5  36.2 282.5  36.2 1.01E-02 000.4 166.1  83.6 5.651080 5.227491 2.512210 hargrave 2020-02-26 08:47:40 
TT 200 284.4  35.5 284.4  35.5 1.00E-02 000.4 151.0  83.7 5.544809 4.420128 2.253629 hargrave 2020-02-27 17:17:51 
TT 250 284.4  35.1 284.4  35.1 9.95E-03 000.5 148.7  84.0 7.243031 4.993368 2.033658 hargrave 2020-02-28 11:29:15 
TT 300 283.3  35.0 283.3  35.0 9.89E-03 000.9 156.4  84.6 14.59977 5.561943 1.402777 hargrave 2020-03-01 13:40:22 
TT 350 282.9  34.5 282.9  34.5 9.71E-03 001.0 157.4  85.1 16.43488 4.811500 1.213064 hargrave 2020-03-02 08:30:29 
TT 400 283.1  34.1 283.1  34.1 9.48E-03 000.9 154.0  85.4 14.16466 4.298771 1.017861 hargrave 2020-03-02 12:38:17 
TT 425 283.0  33.8 283.0  33.8 9.35E-03 000.8 152.8  85.7 12.26451 4.525154 0.941246 hargrave 2020-03-02 17:03:09 
TT 450 282.6  33.8 282.6  33.8 9.20E-03 000.7 156.1  85.8 9.271139 6.945446 0.928693 hargrave 2020-03-03 11:24:17 
TT 475 282.7  33.7 282.7  33.7 8.99E-03 000.7 154.8  85.9 7.994631 7.076240 1.361194 hargrave 2020-03-03 15:56:01 
TT 500 282.7  33.5 282.7  33.5 8.78E-03 000.7 153.7  86.1 9.819573 5.247443 1.803166 hargrave 2020-03-05 10:18:22 
TT 520 282.7  33.4 282.7  33.4 8.47E-03 000.6 153.5  86.2 6.228600 5.724483 1.535739 hargrave 2020-03-05 15:47:43 
TT 540 282.5  33.5 282.5  33.5 8.02E-03 000.5 155.0  86.2 6.083639 4.404434 1.740837 hargrave 2020-03-06 12:04:40 
TT 550 282.6  33.2 282.6  33.2 7.67E-03 000.5 152.3  86.3 4.127037 4.933410 1.571183 hargrave 2020-03-06 17:37:09 
TT 560 282.3  33.2 282.3  33.2 7.10E-03 000.7 155.9  86.5 7.201343 4.121228 1.674184 hargrave 2020-03-08 16:00:08 
TT 563 282.6  33.3 282.6  33.3 6.98E-03 000.7 153.3  86.3 7.466520 4.163021 1.896162 hargrave 2020-03-09 09:55:06 
TT 566 282.3  32.8 282.3  32.8 6.47E-03 000.7 153.0  86.9 7.183244 3.792908 1.818650 hargrave 2020-03-09 14:24:38 
TT 568 282.3  32.5 282.3  32.5 5.90E-03 000.7 149.5  87.1 4.966867 4.531389 0.898764 hargrave 2020-03-09 19:22:08 
TT 571 280.9  32.2 280.9  32.2 5.05E-03 000.7 172.3  87.8 5.566705 3.156743 1.495948 hargrave 2020-03-10 11:58:39 
TT 575 282.2  31.1 282.2  31.1 3.18E-03 000.8 130.5  88.2 3.692693 2.067666 0.901460 hargrave 2020-03-10 16:40:11 
TT 578 281.5  31.1 281.5  31.1 1.52E-03 000.7 145.4  88.7 1.708786 0.945193 0.458832 hargrave 2020-03-11 08:39:19 
TT 581 286.4  33.1 286.4  33.1 7.16E-04 000.8 123.2  84.2 0.766722 0.624108 0.197921 hargrave 2020-03-12 12:19:11 
TT 585 288.5  26.9 288.5  26.9 1.59E-04 000.7 068.0  82.4 0.183588 0.068587 0.148673 hargrave 2020-03-13 08:21:35 
TT 600 277.3  31.1 277.3  31.1 9.63E-05 000.6 247.4  87.0 0.082730 0.055652 0.035485 hargrave 2020-03-14 14:06:27 
