FC1- 6b sun compass orientation
      0   1.2  56.0   0.0   0.0   1.0
NRM    312.1  49.8 312.1  49.8 9.59E-03 001.2 130.4  56.2 18.11460 8.516010 5.904866 hargrave 2020-02-24 11:23:14 
TT 100 311.6  48.0 311.6  48.0 9.44E-03 000.8 127.4  56.9 10.91525 4.861035 5.543230 hargrave 2020-02-25 11:43:10 
TT 150 311.2  47.5 311.2  47.5 9.35E-03 001.4 126.6  57.3 20.85297 8.768326 5.835459 hargrave 2020-02-26 08:54:57 
TT 200 311.9  47.0 311.9  47.0 9.15E-03 002.0 125.5  56.9 28.00531 13.65427 5.651715 hargrave 2020-02-27 17:25:09 
TT 250 311.3  47.3 311.3  47.3 9.05E-03 000.9 126.1  57.3 13.49936 4.460686 4.797666 hargrave 2020-02-28 11:36:34 
TT 300 310.2  45.2 310.2  45.2 8.96E-03 001.0 122.4  58.3 9.320258 10.31036 7.732596 hargrave 2020-03-01 13:46:51 
TT 350 309.4  45.1 309.4  45.1 8.76E-03 001.7 122.5  58.9 25.41134 5.020955 6.699479 hargrave 2020-03-02 08:36:16 
TT 400 308.9  44.3 308.9  44.3 8.52E-03 001.3 120.9  59.3 9.316567 15.56555 5.622585 hargrave 2020-03-02 12:44:43 
TT 425 308.1  45.6 308.1  45.6 8.35E-03 000.9 123.6  59.7 10.88906 6.206500 5.799152 hargrave 2020-03-02 17:09:37 
TT 450 307.6  44.6 307.6  44.6 8.22E-03 002.3 121.9  60.2 31.44328 9.531575 6.185040 hargrave 2020-03-03 11:30:04 
TT 475 307.4  43.3 307.4  43.3 8.04E-03 000.8 119.2  60.5 6.238132 7.822711 5.096523 hargrave 2020-03-03 16:01:48 
TT 500 306.9  43.3 306.9  43.3 7.85E-03 000.9 119.2  60.9 5.472555 9.154092 5.894204 hargrave 2020-03-05 10:26:19 
TT 520 306.1  43.1 306.1  43.1 7.59E-03 000.9 119.0  61.5 9.972336 5.759659 5.190807 hargrave 2020-03-05 15:55:44 
TT 540 305.5  43.4 305.5  43.4 7.17E-03 001.0 119.8  61.9 6.206861 10.58638 4.619919 hargrave 2020-03-06 12:11:49 
TT 550 305.3  42.9 305.3  42.9 6.77E-03 000.7 118.8  62.1 4.582735 5.741045 3.991449 hargrave 2020-03-06 17:45:09 
TT 560 305.9  40.2 305.9  40.2 6.02E-03 001.3 113.0  61.8 8.643286 10.24871 3.617659 hargrave 2020-03-08 16:07:40 
TT 563 306.3  41.7 306.3  41.7 5.90E-03 000.7 116.1  61.5 5.202755 4.257877 3.156614 hargrave 2020-03-09 10:01:08 
TT 566 306.5  40.0 306.5  40.0 5.59E-03 000.8 112.4  61.4 6.028822 4.559369 3.553160 hargrave 2020-03-09 14:30:43 
TT 568 307.2  38.3 307.2  38.3 5.13E-03 003.1 109.0  60.8 24.36417 12.83725 2.733284 hargrave 2020-03-09 19:30:00 
TT 571 309.0  38.1 309.0  38.1 4.36E-03 001.0 108.8  59.4 6.744745 3.671099 2.043044 hargrave 2020-03-10 12:05:52 
TT 575 309.5  38.0 309.5  38.0 2.88E-03 000.9 108.6  59.0 3.857466 1.754230 1.419462 hargrave 2020-03-10 16:46:17 
TT 578 310.0  37.0 310.0  37.0 2.28E-03 000.6 106.7  58.5 1.840048 1.421723 1.082851 hargrave 2020-03-11 08:45:08 
TT 581 300.9  34.4 300.9  34.4 2.01E-04 002.4 099.4  65.5 0.831631 0.154803 0.157632 hargrave 2020-03-12 12:26:33 
TT 585 294.4  49.1 294.4  49.1 1.39E-04 001.4 138.3  67.2 0.303151 0.197192 0.198352 hargrave 2020-03-13 08:29:04 
TT 600 342.2  24.8 342.2  24.8 9.16E-05 001.3 102.0  28.7 0.205176 0.085129 0.066377 hargrave 2020-03-14 14:13:44 
