FC1- 5b sun compass orientation
      0 355.2  53.0   0.0   0.0   1.0
NRM    291.2  58.5 291.2  58.5 7.50E-03 001.0 150.1  62.7 4.779955 12.24730 3.322104 hargrave 2020-02-24 11:21:51 
TT 100 290.0  58.7 290.0  58.7 7.44E-03 001.7 151.3  63.0 10.00717 20.08622 3.521607 hargrave 2020-02-25 11:41:00 
TT 150 290.8  58.0 290.8  58.0 7.41E-03 001.3 149.5  63.1 9.424032 13.74211 4.104858 hargrave 2020-02-26 08:53:35 
TT 200 292.7  57.6 292.7  57.6 7.34E-03 001.1 147.4  62.6 5.501702 13.26797 2.156907 hargrave 2020-02-27 17:23:45 
TT 250 293.0  57.1 293.0  57.1 7.28E-03 001.1 146.4  62.7 2.967252 13.25167 2.578338 hargrave 2020-02-28 11:35:12 
TT 300 292.7  55.9 292.7  55.9 7.24E-03 001.8 144.4  63.6 3.178491 21.71231 6.486802 hargrave 2020-03-01 13:45:04 
TT 350 291.4  56.6 291.4  56.6 7.14E-03 002.0 146.7  63.7 3.082509 23.70734 5.149684 hargrave 2020-03-02 08:35:09 
TT 400 291.8  56.0 291.8  56.0 6.98E-03 001.9 145.2  63.9 4.295261 22.60372 4.813401 hargrave 2020-03-02 12:43:36 
TT 425 290.5  57.0 290.5  57.0 6.87E-03 000.9 148.0  63.9 4.772144 8.868397 3.819673 hargrave 2020-03-02 17:08:30 
TT 450 291.5  56.5 291.5  56.5 6.83E-03 000.9 146.3  63.8 4.097626 8.933608 4.219750 hargrave 2020-03-03 11:28:57 
TT 475 291.6  56.3 291.6  56.3 6.70E-03 001.2 146.1  63.8 3.762912 13.03675 3.917863 hargrave 2020-03-03 16:00:41 
TT 500 291.0  55.1 291.0  55.1 6.48E-03 002.1 144.2  64.8 4.102757 22.19863 6.415461 hargrave 2020-03-05 10:24:10 
TT 520 290.7  53.0 290.7  53.0 5.99E-03 003.4 140.1  66.2 21.80843 27.95099 2.461348 hargrave 2020-03-05 15:54:21 
TT 540 286.8  42.5 286.8  42.5 4.80E-03 001.6 115.0  72.6 3.060573 12.31785 3.712315 hargrave 2020-03-06 12:10:28 
TT 550 287.0  39.4 287.0  39.4 4.43E-03 001.5 104.7  72.7 6.774950 8.841229 2.564319 hargrave 2020-03-06 17:42:58 
TT 560 287.4  34.9 287.4  34.9 3.96E-03 001.2 090.1  72.0 3.256737 7.263708 2.457700 hargrave 2020-03-08 16:05:44 
TT 563 287.2  34.1 287.2  34.1 3.91E-03 001.7 087.4  71.9 9.202670 7.177207 2.442602 hargrave 2020-03-09 10:00:00 
TT 566 287.3  33.3 287.3  33.3 3.71E-03 001.6 084.9  71.6 8.336186 6.251238 2.419680 hargrave 2020-03-09 14:29:33 
TT 568 287.7  32.8 287.7  32.8 3.45E-03 002.0 083.9  71.1 9.255563 7.414891 2.295939 hargrave 2020-03-09 19:28:33 
TT 571 287.0  29.3 287.0  29.3 2.93E-03 001.3 073.4  70.2 1.890443 6.100508 1.691404 hargrave 2020-03-10 12:04:31 
TT 575 287.4  26.5 287.4  26.5 1.58E-03 001.5 067.2  68.5 3.390116 2.264650 1.004725 hargrave 2020-03-10 16:45:10 
TT 578 286.8  27.2 286.8  27.2 1.20E-03 001.3 067.9  69.3 0.818870 2.538879 0.672265 hargrave 2020-03-11 08:44:01 
TT 581 283.4  42.3 283.4  42.3 1.59E-04 001.5 116.3  75.0 0.193273 0.342558 0.143506 hargrave 2020-03-12 12:25:08 
TT 585 285.3  36.6 285.3  36.6 6.49E-05 006.5 094.8  74.0 0.120374 0.787237 0.143038 hargrave 2020-03-13 08:27:39 
TT 600 298.8  15.2 298.8  15.2 6.34E-05 002.6 062.8  53.1 0.266540 0.048469 0.100796 hargrave 2020-03-14 14:12:22 
