HCT1- 4b sun compass orientation
      0  36.2  14.0   0.0   0.0   1.0
NRM    213.2  65.8 213.2  65.8 1.73E-02 000.6 239.4  61.6 14.27500 7.095964 7.550840 hargrave 2020-02-24 11:37:27 
TT 100 212.0  65.2 212.0  65.2 1.74E-02 000.6 239.2  60.9 10.32653 13.91278 6.514138 hargrave 2020-02-25 11:56:38 
TT 150 214.1  63.6 214.1  63.6 1.75E-02 001.0 242.4  59.9 15.29875 25.06710 7.168451 hargrave 2020-02-26 09:10:08 
TT 200 216.6  61.5 216.6  61.5 1.78E-02 001.7 246.3  58.6 36.35997 35.06056 13.08074 hargrave 2020-02-27 17:40:12 
TT 250 214.9  61.1 214.9  61.1 1.79E-02 003.6 245.2  57.9 90.67860 65.53547 15.16163 hargrave 2020-02-28 11:50:01 
TT 300 219.5  58.9 219.5  58.9 1.81E-02 001.3 251.0  56.9 23.14961 29.18309 13.89203 hargrave 2020-03-01 13:57:00 
TT 350 221.6  57.2 221.6  57.2 1.83E-02 002.2 254.1  55.9 51.66125 44.91035 17.97899 hargrave 2020-03-02 08:47:47 
TT 400 219.8  56.5 219.8  56.5 1.85E-02 001.4 253.0  54.8 21.71285 33.89401 18.60278 hargrave 2020-03-02 12:54:49 
TT 425 222.2  55.2 222.2  55.2 1.85E-02 001.0 256.1  54.3 11.55719 24.95192 15.80574 hargrave 2020-03-02 17:19:46 
TT 450 222.7  55.1 222.7  55.1 1.85E-02 001.2 256.6  54.2 38.38595 6.393453 8.136049 hargrave 2020-03-03 11:40:52 
TT 475 225.4  53.7 225.4  53.7 1.86E-02 001.3 260.0  53.6 33.30510 21.54841 10.10463 hargrave 2020-03-03 16:13:18 
TT 500 223.1  53.8 223.1  53.8 1.86E-02 000.9 257.8  53.1 18.93360 18.08898 14.14459 hargrave 2020-03-05 10:38:57 
TT 520 222.9  53.7 222.9  53.7 1.84E-02 001.0 257.8  53.0 20.37245 20.93634 10.56006 hargrave 2020-03-05 16:08:15 
TT 540 224.7  53.0 224.7  53.0 1.81E-02 000.9 259.8  52.8 19.65134 17.78137 13.51772 hargrave 2020-03-06 12:25:11 
TT 550 223.3  53.9 223.3  53.9 1.74E-02 000.9 257.9  53.2 24.49217 9.206774 9.046829 hargrave 2020-03-06 17:58:32 
TT 560 223.4  54.5 223.4  54.5 1.60E-02 000.5 257.6  53.8 10.93341 6.806789 6.168760 hargrave 2020-03-08 16:22:05 
TT 563 220.7  55.7 220.7  55.7 1.17E-02 000.8 254.4  54.3 14.83850 7.772223 4.086892 hargrave 2020-03-09 10:13:49 
TT 566 222.3  54.8 222.3  54.8 1.15E-02 001.3 256.5  53.9 24.25071 10.02721 4.061436 hargrave 2020-03-09 14:41:07 
TT 568 211.2  57.4 211.2  57.4 3.44E-03 000.8 245.1  53.7 2.599221 3.808754 2.036570 hargrave 2020-03-09 19:44:18 
TT 571 208.6  56.7 208.6  56.7 3.12E-03 000.6 243.4  52.5 2.431518 2.112320 1.299009 hargrave 2020-03-10 12:18:31 
TT 575 199.2  60.7 199.2  60.7 1.49E-03 001.0 233.3  54.2 2.264398 0.963244 0.630091 hargrave 2020-03-10 16:56:03 
TT 578 185.2  62.5 185.2  62.5 8.17E-04 001.3 221.6  53.5 1.621705 0.691516 0.417028 hargrave 2020-03-11 08:54:44 
TT 581 222.3  53.7 222.3  53.7 2.62E-04 001.5 257.2  52.9 0.388626 0.591740 0.212248 hargrave 2020-03-12 12:39:17 
TT 585 185.1  54.8 185.1  54.8 1.84E-04 003.1 225.4  46.2 0.894330 0.506826 0.383751 hargrave 2020-03-13 08:41:59 
TT 600 116.8  23.1 116.8  23.1 9.15E-05 001.6 171.2  09.3 0.099211 0.230233 0.109718 hargrave 2020-03-14 14:26:25 
