HCT1- 8b sun compass orientation
      0  52.0  15.0   0.0   0.0   1.0
NRM    268.0  63.6 268.0  63.6 1.99E-02 000.5 273.3  68.9 14.89048 7.172388 3.317744 hargrave 2020-02-24 11:43:26 
TT 100 270.1  62.9 270.1  62.9 1.98E-02 000.4 276.5  68.9 9.785401 8.530733 2.951505 hargrave 2020-02-25 12:04:18 
TT 150 269.9  63.0 269.9  63.0 1.96E-02 000.6 276.2  68.9 20.21414 8.911256 2.942401 hargrave 2020-02-26 09:17:03 
TT 200 275.4  62.5 275.4  62.5 1.83E-02 000.4 282.8  69.9 8.859352 9.026642 6.206745 hargrave 2020-02-27 17:48:37 
TT 250 274.5  62.6 274.5  62.6 1.80E-02 000.4 281.8  69.7 8.186537 9.524168 6.080829 hargrave 2020-02-28 11:57:45 
TT 300 275.7  61.3 275.7  61.3 1.76E-02 002.0 285.1  68.9 60.30622 11.87960 4.412274 hargrave 2020-03-01 14:01:45 
TT 350 275.2  61.0 275.2  61.0 1.68E-02 002.2 285.0  68.5 63.56875 16.84337 3.702293 hargrave 2020-03-02 08:52:32 
TT 400 277.7  59.6 277.7  59.6 1.60E-02 001.8 289.7  68.0 49.65103 13.03053 4.127690 hargrave 2020-03-02 13:00:14 
TT 425 277.9  59.3 277.9  59.3 1.56E-02 002.1 290.3  67.8 56.50357 13.70399 5.105837 hargrave 2020-03-02 17:24:31 
TT 450 279.0  58.6 279.0  58.6 1.53E-02 001.8 292.5  67.4 47.16412 11.40968 5.154917 hargrave 2020-03-03 11:45:36 
TT 475 279.6  58.0 279.6  58.0 1.48E-02 002.4 293.9  67.0 58.20414 17.51010 4.992377 hargrave 2020-03-03 16:18:03 
TT 500 279.9  57.4 279.9  57.4 1.43E-02 001.1 294.9  66.6 25.48523 6.587535 3.238282 hargrave 2020-03-05 10:45:41 
TT 520 279.3  57.1 279.3  57.1 1.36E-02 000.9 294.6  66.1 20.94629 7.696082 3.521646 hargrave 2020-03-05 16:14:13 
TT 540 279.6  56.8 279.6  56.8 1.27E-02 001.7 295.1  65.9 35.10515 13.89425 2.471361 hargrave 2020-03-06 12:31:10 
TT 550 279.4  56.7 279.4  56.7 1.17E-02 000.4 295.1  65.8 7.550043 5.166109 3.170686 hargrave 2020-03-06 18:04:30 
TT 560 278.9  57.2 278.9  57.2 9.87E-03 001.5 294.0  66.1 23.55543 11.69407 3.123107 hargrave 2020-03-08 16:27:05 
TT 563 276.1  58.3 276.1  58.3 7.24E-03 000.4 289.4  66.4 2.953260 3.123955 3.042313 hargrave 2020-03-09 10:18:45 
TT 566 263.0  64.5 263.0  64.5 1.01E-03 001.1 267.1  68.3 1.722406 0.632302 0.479441 hargrave 2020-03-09 14:46:02 
TT 568 265.0  61.3 265.0  61.3 5.98E-04 000.7 273.6  66.2 0.566184 0.376981 0.157711 hargrave 2020-03-09 19:50:25 
TT 571 259.3  64.2 259.3  64.2 5.45E-04 000.7 264.1  67.1 0.577975 0.331882 0.275966 hargrave 2020-03-10 12:24:31 
TT 575 272.4  68.1 272.4  68.1 4.52E-04 000.7 268.6  73.5 0.433169 0.309803 0.214813 hargrave 2020-03-10 17:01:00 
TT 578 264.3  61.9 264.3  61.9 3.28E-04 001.5 272.0  66.6 0.811470 0.283249 0.170094 hargrave 2020-03-11 08:59:30 
TT 581 258.7  67.5 258.7  67.5 3.01E-04 000.7 258.0  69.5 0.220633 0.274223 0.129326 hargrave 2020-03-12 12:45:22 
TT 585 255.1  66.9 255.1  66.9 2.58E-04 000.6 256.0  68.2 0.138591 0.216379 0.193892 hargrave 2020-03-13 08:48:05 
TT 600 330.4  82.0 330.4  82.0 1.57E-04 001.5 170.6  82.8 0.223744 0.336779 0.094748 hargrave 2020-03-14 14:33:17 
