HCT1- 1b sun compass orientation
      0   7.8  17.0   0.0   0.0   1.0
NRM    274.5  58.0 274.5  58.0 3.03E-02 000.5 353.2  74.9 17.98144 19.95624 13.02850 hargrave 2020-02-24 11:30:43 
TT 100 274.2  57.6 274.2  57.6 3.02E-02 000.7 352.8  74.5 27.18266 20.57500 14.87086 hargrave 2020-02-25 11:49:03 
TT 150 277.0  56.8 277.0  56.8 3.00E-02 000.8 358.5  73.8 36.11957 11.37674 15.14020 hargrave 2020-02-26 09:00:49 
TT 200 282.7  54.2 282.7  54.2 2.89E-02 000.8 008.9  71.1 13.22781 38.79714 6.887152 hargrave 2020-02-27 17:31:50 
TT 250 281.9  53.3 281.9  53.3 2.87E-02 000.6 007.3  70.2 15.05436 24.64172 7.111976 hargrave 2020-02-28 11:43:15 
TT 300 281.1  52.4 281.1  52.4 2.84E-02 000.6 005.8  69.4 21.52635 19.38780 8.006709 hargrave 2020-03-01 13:51:31 
TT 350 282.1  51.3 282.1  51.3 2.75E-02 000.6 007.3  68.2 19.45545 16.77102 8.914671 hargrave 2020-03-02 08:42:18 
TT 400 283.3  49.9 283.3  49.9 2.61E-02 000.5 009.0  66.8 20.44450 11.46426 8.661123 hargrave 2020-03-02 12:49:22 
TT 425 283.2  49.3 283.2  49.3 2.56E-02 000.7 008.7  66.1 19.33335 24.35281 8.700455 hargrave 2020-03-02 17:14:17 
TT 450 283.3  48.8 283.3  48.8 2.53E-02 001.5 008.9  65.7 13.45682 62.56554 8.270930 hargrave 2020-03-03 11:34:44 
TT 475 284.8  48.3 284.8  48.3 2.49E-02 000.8 011.0  65.1 14.05102 30.78209 9.401253 hargrave 2020-03-03 16:07:09 
TT 500 283.3  47.7 283.3  47.7 2.44E-02 000.7 008.6  64.6 13.99240 21.88336 12.54902 hargrave 2020-03-05 10:32:14 
TT 520 284.2  47.5 284.2  47.5 2.38E-02 001.6 010.0  64.3 25.38320 58.97258 11.60808 hargrave 2020-03-05 16:01:33 
TT 540 284.4  47.1 284.4  47.1 2.28E-02 000.7 010.3  63.9 18.98785 11.57285 13.97193 hargrave 2020-03-06 12:18:28 
TT 550 285.7  47.2 285.7  47.2 2.16E-02 001.0 012.3  63.9 28.54860 20.83665 14.52795 hargrave 2020-03-06 17:51:00 
TT 560 288.7  47.6 288.7  47.6 1.91E-02 000.9 017.0  64.1 24.64030 10.17153 12.70028 hargrave 2020-03-08 16:14:04 
TT 563 285.2  47.0 285.2  47.0 1.50E-02 001.0 011.5  63.8 23.14924 7.674689 11.15103 hargrave 2020-03-09 10:05:56 
TT 566 284.2  46.9 284.2  46.9 1.49E-02 001.3 009.9  63.7 18.47804 25.81103 11.20555 hargrave 2020-03-09 14:35:32 
TT 568 283.1  45.6 283.1  45.6 1.20E-02 000.8 008.1  62.5 13.11816 6.450007 7.373865 hargrave 2020-03-09 19:36:00 
TT 571 276.7  45.9 276.7  45.9 6.70E-03 001.1 358.4  62.9 11.11559 3.374471 5.086631 hargrave 2020-03-10 12:11:44 
TT 575 281.4  48.7 281.4  48.7 2.95E-03 002.1 005.8  65.7 4.274013 9.974764 2.188975 hargrave 2020-03-10 16:51:09 
TT 578 281.0  49.3 281.0  49.3 2.17E-03 001.4 005.1  66.3 4.188626 2.829074 1.783627 hargrave 2020-03-11 08:49:53 
TT 581 272.6  48.1 272.6  48.1 8.36E-04 001.1 351.7  65.0 1.238343 0.912092 0.692388 hargrave 2020-03-12 12:32:25 
TT 585 291.3  55.8 291.3  55.8 4.23E-04 001.8 025.0  71.9 1.121884 0.685289 0.286652 hargrave 2020-03-13 08:35:05 
TT 600 297.3  47.9 297.3  47.9 2.47E-04 001.2 030.1  63.5 0.453468 0.184573 0.231930 hargrave 2020-03-14 14:19:37 
