HCT1- 2b sun compass orientation
      0  14.7  16.0   0.0   0.0   1.0
NRM    272.5  47.9 272.5  47.9 1.86E-02 000.7 341.6  63.4 18.88666 6.102075 13.61610 hargrave 2020-02-24 11:34:22 
TT 100 274.2  47.5 274.2  47.5 1.86E-02 001.0 344.2  63.1 28.55852 8.761095 16.13807 hargrave 2020-02-25 11:52:43 
TT 150 273.7  46.7 273.7  46.7 1.87E-02 000.8 343.7  62.3 22.76741 7.438954 14.05968 hargrave 2020-02-26 09:05:21 
TT 200 279.1  44.2 279.1  44.2 1.87E-02 000.8 351.9  60.1 15.88408 17.57193 9.512955 hargrave 2020-02-27 17:35:29 
TT 250 283.3  43.2 283.3  43.2 1.87E-02 001.5 358.0  59.2 13.33391 44.88908 8.004561 hargrave 2020-02-28 11:46:55 
TT 300 280.6  41.8 280.6  41.8 1.88E-02 002.4 354.3  57.7 21.20937 75.68631 16.40001 hargrave 2020-03-01 13:54:32 
TT 350 282.9  41.4 282.9  41.4 1.88E-02 000.9 357.4  57.4 12.57084 23.72593 8.170417 hargrave 2020-03-02 08:45:19 
TT 400 284.3  40.4 284.3  40.4 1.88E-02 001.1 359.5  56.4 13.95052 33.39753 8.799437 hargrave 2020-03-02 12:52:21 
TT 425 285.7  40.0 285.7  40.0 1.88E-02 000.4 001.4  56.0 9.266187 8.611513 6.984161 hargrave 2020-03-02 17:17:17 
TT 450 284.0  39.7 284.0  39.7 1.88E-02 000.8 359.0  55.7 9.587783 22.91111 7.860723 hargrave 2020-03-03 11:37:43 
TT 475 284.9  39.4 284.9  39.4 1.87E-02 000.8 000.3  55.4 10.94359 21.11392 8.474196 hargrave 2020-03-03 16:10:50 
TT 500 286.6  38.7 286.6  38.7 1.86E-02 000.9 002.6  54.7 13.24846 24.63656 7.713933 hargrave 2020-03-05 10:35:52 
TT 520 287.7  38.8 287.7  38.8 1.84E-02 001.0 004.1  54.8 15.15608 25.68349 12.28209 hargrave 2020-03-05 16:05:11 
TT 540 285.8  37.9 285.8  37.9 1.78E-02 000.9 001.4  53.9 7.796516 27.16174 6.623338 hargrave 2020-03-06 12:22:07 
TT 550 288.2  38.9 288.2  38.9 1.68E-02 000.9 004.7  54.8 21.43458 7.809515 14.23601 hargrave 2020-03-06 17:54:39 
TT 560 284.7  38.4 284.7  38.4 1.47E-02 000.5 000.0  54.4 8.101316 10.53263 5.037150 hargrave 2020-03-08 16:18:44 
TT 563 284.0  38.8 284.0  38.8 1.01E-02 001.1 359.1  54.8 14.95160 10.01442 9.335483 hargrave 2020-03-09 10:08:59 
TT 566 284.7  38.8 284.7  38.8 1.00E-02 001.2 000.0  54.8 14.08630 12.14077 8.751346 hargrave 2020-03-09 14:38:37 
TT 568 280.8  38.0 280.8  38.0 7.18E-03 000.6 354.8  54.0 3.030843 6.445116 2.592807 hargrave 2020-03-09 19:39:25 
TT 571 276.1  39.4 276.1  39.4 4.66E-03 001.5 348.4  55.2 8.970617 7.213209 4.994046 hargrave 2020-03-10 12:15:24 
TT 575 273.7  44.2 273.7  44.2 1.81E-03 001.2 344.3  59.7 2.808394 2.098374 1.398328 hargrave 2020-03-10 16:53:32 
TT 578 272.5  46.9 272.5  46.9 1.18E-03 002.6 341.9  62.4 3.598666 3.845834 1.182535 hargrave 2020-03-11 08:52:15 
TT 581 276.5  34.9 276.5  34.9 3.79E-04 000.7 349.3  50.7 0.229292 0.277124 0.349484 hargrave 2020-03-12 12:36:08 
TT 585 253.8  58.1 253.8  58.1 1.67E-04 001.4 306.5  70.2 0.348465 0.163784 0.185362 hargrave 2020-03-13 08:38:53 
TT 600 346.8  32.7 346.8  32.7 5.55E-05 002.3 072.8  38.9 0.103380 0.406818 0.196869 hargrave 2020-03-14 14:23:18 
