HCT1- 3b sun compass orientation
      0  27.2  14.0   0.0   0.0   1.0
NRM    268.4  53.8 268.4  53.8 1.30E-02 001.2 317.2  65.2 23.57111 15.40033 3.741449 hargrave 2020-02-24 11:35:56 
TT 100 270.1  52.9 270.1  52.9 1.31E-02 000.8 320.1  64.7 12.40508 13.02179 4.309373 hargrave 2020-02-25 11:55:07 
TT 150 272.0  51.8 272.0  51.8 1.31E-02 000.6 323.2  63.9 6.489542 10.95483 4.713939 hargrave 2020-02-26 09:06:55 
TT 200 277.3  48.9 277.3  48.9 1.33E-02 000.7 331.8  61.7 11.41884 8.992396 5.975039 hargrave 2020-02-27 17:37:03 
TT 250 278.8  48.1 278.8  48.1 1.34E-02 000.9 334.1  61.1 11.96887 13.39530 9.073414 hargrave 2020-02-28 11:48:30 
TT 300 279.7  46.8 279.7  46.8 1.35E-02 001.1 335.7  59.9 22.43973 5.773428 10.09665 hargrave 2020-03-01 13:55:48 
TT 350 281.9  45.4 281.9  45.4 1.36E-02 002.4 339.1  58.7 35.87728 42.11194 10.33918 hargrave 2020-03-02 08:46:34 
TT 400 281.7  44.3 281.7  44.3 1.36E-02 001.1 339.1  57.6 22.80257 9.176919 9.370117 hargrave 2020-03-02 12:53:37 
TT 425 281.8  43.8 281.8  43.8 1.37E-02 001.9 339.3  57.2 31.22014 33.13832 9.457793 hargrave 2020-03-02 17:18:33 
TT 450 283.5  43.4 283.5  43.4 1.37E-02 000.9 341.6  56.9 18.68507 7.525872 8.960839 hargrave 2020-03-03 11:38:59 
TT 475 281.3  43.2 281.3  43.2 1.37E-02 000.9 338.8  56.5 18.10361 10.86605 7.720377 hargrave 2020-03-03 16:12:05 
TT 500 283.0  43.0 283.0  43.0 1.36E-02 002.3 341.0  56.4 29.49370 44.88512 6.878299 hargrave 2020-03-05 10:37:26 
TT 520 285.5  42.7 285.5  42.7 1.34E-02 000.7 344.4  56.3 12.97001 6.969256 6.945463 hargrave 2020-03-05 16:06:45 
TT 540 284.3  42.7 284.3  42.7 1.30E-02 000.7 342.9  56.2 8.921655 12.57603 5.700294 hargrave 2020-03-06 12:23:40 
TT 550 283.2  42.7 283.2  42.7 1.24E-02 000.9 341.4  56.2 9.386034 16.60286 4.563153 hargrave 2020-03-06 17:57:01 
TT 560 284.2  43.2 284.2  43.2 1.09E-02 001.0 342.5  56.7 8.392225 16.46686 3.633532 hargrave 2020-03-08 16:20:04 
TT 563 283.6  43.1 283.6  43.1 6.56E-03 000.9 341.9  56.6 3.541350 9.400099 3.298915 hargrave 2020-03-09 10:11:04 
TT 566 285.1  43.0 285.1  43.0 6.54E-03 000.7 343.8  56.5 5.542663 4.331407 3.581413 hargrave 2020-03-09 14:39:54 
TT 568 278.9  42.2 278.9  42.2 2.89E-03 000.4 335.9  55.3 1.388237 1.225359 1.219082 hargrave 2020-03-09 19:40:55 
TT 571 279.2  41.7 279.2  41.7 2.36E-03 000.6 336.4  54.8 1.783818 1.620417 1.200285 hargrave 2020-03-10 12:16:59 
TT 575 272.9  46.7 272.9  46.7 9.87E-04 000.7 326.8  59.0 0.499673 0.975048 0.519694 hargrave 2020-03-10 16:54:49 
TT 578 266.3  48.1 266.3  48.1 6.39E-04 000.5 317.6  59.4 0.397400 0.309740 0.345165 hargrave 2020-03-11 08:53:31 
TT 581 257.3  39.6 257.3  39.6 2.32E-04 001.1 310.3  49.6 0.327407 0.166359 0.237884 hargrave 2020-03-12 12:37:46 
TT 585 267.7  59.3 267.7  59.3 1.32E-04 001.4 311.5  70.4 0.229611 0.189008 0.135108 hargrave 2020-03-13 08:40:27 
TT 600 088.4  49.7 088.4  49.7 5.30E-05 001.5 157.0  37.1 0.117609 0.057834 0.171130 hargrave 2020-03-14 14:24:53 
