HCT1- 7b sun compass orientation
      0  42.0  12.0   0.0   0.0   1.0
NRM    235.4  02.9 235.4  02.9 8.07E-02 007.8 282.5  05.6 1068.799 945.2142 82.77752 hargrave 2020-02-24 11:41:53 
NRM    236.5  02.9 236.5  02.9 8.03E-02 008.1 283.6  05.8 1088.827 981.1100 87.55120 hargrave 2020-02-25 08:54:56 
TT 100 236.2  02.9 236.2  02.9 7.95E-02 007.9 283.3  05.8 1060.637 961.4416 86.80559 hargrave 2020-02-25 12:02:46 
TT 150 234.8  03.3 234.8  03.3 7.96E-02 007.7 281.9  05.9 1036.713 1032.443 88.63414 hargrave 2020-02-26 09:15:31 
TT 200 236.8  04.5 236.8  04.5 7.66E-02 007.9 283.6  07.4 1051.698 949.7039 70.69608 hargrave 2020-02-27 17:46:17 
TT 250 236.9  04.3 236.9  04.3 7.63E-02 007.3 283.7  07.3 967.0939 931.8918 66.62085 hargrave 2020-02-28 11:56:13 
TT 300 237.3  04.1 237.3  04.1 7.37E-02 005.2 284.2  07.1 694.2313 749.6804 84.20703 hargrave 2020-03-01 14:00:32 
TT 350 240.7  03.5 240.7  03.5 7.17E-02 004.6 287.6  07.2 572.3953 745.0851 84.67450 hargrave 2020-03-02 08:51:19 
TT 400 240.2  04.4 240.2  04.4 6.52E-02 004.0 286.9  08.1 431.2965 590.4075 71.66073 hargrave 2020-03-02 12:59:01 
TT 425 241.7  04.6 241.7  04.6 6.16E-02 003.5 288.4  08.6 338.5165 455.6897 61.01955 hargrave 2020-03-02 17:23:18 
TT 450 242.4  04.7 242.4  04.7 6.04E-02 002.5 289.0  08.7 239.6220 323.7504 52.18358 hargrave 2020-03-03 11:44:23 
TT 475 241.7  05.4 241.7  05.4 5.69E-02 002.2 288.2  09.3 157.4716 275.1941 44.62421 hargrave 2020-03-03 16:16:50 
TT 500 242.4  05.9 242.4  05.9 5.36E-02 002.8 288.8  09.9 274.7279 243.4429 43.49317 hargrave 2020-03-05 10:44:11 
TT 520 244.1  06.0 244.1  06.0 5.12E-02 001.7 290.5  10.3 126.9158 163.4384 37.38568 hargrave 2020-03-05 16:12:42 
TT 540 243.4  07.1 243.4  07.1 4.66E-02 001.0 289.6  11.3 65.87715 72.64419 34.08619 hargrave 2020-03-06 12:29:38 
TT 550 244.3  07.7 244.3  07.7 4.27E-02 001.2 290.3  12.1 78.60738 31.77434 30.79983 hargrave 2020-03-06 18:02:59 
TT 560 244.0  08.5 244.0  08.5 3.76E-02 000.7 289.9  12.8 37.74817 11.47830 24.53062 hargrave 2020-03-08 16:25:48 
TT 563 245.3  08.1 245.3  08.1 3.21E-02 001.0 291.3  12.7 52.51191 17.99082 20.54587 hargrave 2020-03-09 10:17:28 
TT 566 237.0 -00.8 237.0 -00.8 1.80E-02 001.3 284.9  02.3 36.92197 11.31865 12.35465 hargrave 2020-03-09 14:44:48 
TT 568 237.1 -02.6 237.1 -02.6 7.08E-03 004.0 285.3  00.5 47.09831 12.73775 5.022894 hargrave 2020-03-09 19:48:50 
TT 571 236.3 -02.2 236.3 -02.2 6.46E-03 001.7 284.4  00.8 18.27358 5.494359 4.308538 hargrave 2020-03-10 12:22:59 
TT 575 235.9 -02.2 235.9 -02.2 5.75E-03 002.6 284.1  00.7 24.86773 6.784867 3.622184 hargrave 2020-03-10 16:59:45 
TT 578 233.4 -02.7 233.4 -02.7 4.05E-03 002.9 281.7 -00.3 20.08983 4.227075 2.654376 hargrave 2020-03-11 08:58:17 
TT 581 234.7 -02.9 234.7 -02.9 3.55E-03 002.2 283.0 -00.3 13.02104 3.084856 2.157695 hargrave 2020-03-12 12:43:46 
TT 585 232.3 -02.5 232.3 -02.5 2.76E-03 001.6 280.6 -00.4 7.501504 1.682648 1.747203 hargrave 2020-03-13 08:46:32 
TT 600 231.6 -03.6 231.6 -03.6 1.35E-03 000.4 280.1 -01.5 0.622349 0.282402 0.849411 hargrave 2020-03-14 14:31:45 
