HCT1- 5b sun compass orientation
      0   5.4  11.0   0.0   0.0   1.0
NRM    296.1  42.1 296.1  42.1 1.47E-02 000.6 025.4  52.2 10.99574 7.137116 7.670166 hargrave 2020-02-24 11:38:54 
TT 100 294.8  42.0 294.8  42.0 1.46E-02 000.5 023.8  52.3 5.527991 9.668124 8.619543 hargrave 2020-02-25 11:58:06 
TT 150 295.1  42.0 295.1  42.0 1.44E-02 001.9 024.2  52.2 15.90347 44.98371 9.987497 hargrave 2020-02-26 09:11:37 
TT 200 293.8  41.3 293.8  41.3 1.39E-02 002.2 022.4  51.6 28.85013 43.36930 9.005182 hargrave 2020-02-27 17:41:39 
TT 250 292.8  41.1 292.8  41.1 1.38E-02 000.8 021.2  51.5 14.68308 7.694700 9.482983 hargrave 2020-02-28 11:51:29 
TT 300 291.6  40.8 291.6  40.8 1.37E-02 001.0 019.7  51.3 17.60213 10.87465 9.986756 hargrave 2020-03-01 13:58:10 
TT 350 291.9  40.7 291.9  40.7 1.35E-02 001.2 020.1  51.2 19.63383 17.88701 10.14445 hargrave 2020-03-02 08:48:56 
TT 400 291.6  40.7 291.6  40.7 1.33E-02 001.2 019.7  51.2 4.375710 26.76155 7.782246 hargrave 2020-03-02 12:55:58 
TT 425 291.5  40.7 291.5  40.7 1.32E-02 002.2 019.6  51.1 24.14329 44.27496 7.638522 hargrave 2020-03-02 17:20:55 
TT 450 289.3  40.4 289.3  40.4 1.32E-02 000.8 016.9  51.0 8.303404 14.29894 9.734486 hargrave 2020-03-03 11:42:02 
TT 475 291.1  40.4 291.1  40.4 1.30E-02 000.9 019.1  50.9 4.730413 18.59699 7.668517 hargrave 2020-03-03 16:14:27 
TT 500 290.2  40.2 290.2  40.2 1.29E-02 001.1 018.0  50.7 13.98037 19.24487 7.960943 hargrave 2020-03-05 10:41:13 
TT 520 291.7  40.2 291.7  40.2 1.26E-02 000.6 019.7  50.7 5.814161 11.13415 7.197053 hargrave 2020-03-05 16:09:43 
TT 540 291.0  40.1 291.0  40.1 1.21E-02 000.8 018.9  50.6 5.073457 15.62535 6.201091 hargrave 2020-03-06 12:26:39 
TT 550 287.2  40.3 287.2  40.3 1.13E-02 000.5 014.4  51.0 5.248846 6.645257 5.076598 hargrave 2020-03-06 17:59:59 
TT 560 288.3  41.5 288.3  41.5 8.81E-03 003.3 015.8  52.2 20.49171 46.56301 5.193259 hargrave 2020-03-08 16:23:19 
TT 563 288.7  42.1 288.7  42.1 4.22E-03 000.7 016.4  52.8 4.403904 2.046750 2.562908 hargrave 2020-03-09 10:14:59 
TT 566 291.6  42.3 291.6  42.3 3.19E-03 001.1 019.9  52.7 4.254295 4.389133 1.835193 hargrave 2020-03-09 14:42:18 
TT 568 310.3  42.6 310.3  42.6 7.92E-04 000.6 042.3  51.2 0.603873 0.363469 0.500111 hargrave 2020-03-09 19:45:50 
TT 571 303.4  41.5 303.4  41.5 7.20E-04 001.1 033.9  51.0 0.474775 1.281137 0.465826 hargrave 2020-03-10 12:19:58 
TT 575 309.9  41.6 309.9  41.6 6.00E-04 000.9 041.6  50.3 0.440229 0.756636 0.340802 hargrave 2020-03-10 16:57:14 
TT 578 303.8  39.3 303.8  39.3 3.25E-04 001.2 034.0  48.8 0.244693 0.551308 0.292907 hargrave 2020-03-11 08:55:54 
TT 581 295.0  37.0 295.0  37.0 1.89E-04 000.8 023.2  47.3 0.185993 0.134472 0.164112 hargrave 2020-03-12 12:40:46 
TT 585 320.3  65.8 320.3  65.8 8.90E-05 001.1 069.1  72.0 0.132083 0.108640 0.146807 hargrave 2020-03-13 08:43:27 
TT 600 120.4  56.9 120.4  56.9 3.81E-05 003.1 199.6  46.7 0.092833 0.188973 0.033562 hargrave 2020-03-14 14:27:53 
