HCT1- 6b sun compass orientation
      0  25.4  11.0   0.0   0.0   1.0
NRM    277.6  53.9 277.6  53.9 2.15E-02 000.6 335.6  64.2 16.01615 12.80006 9.017541 hargrave 2020-02-24 11:40:22 
TT 100 274.9  53.8 274.9  53.8 2.13E-02 000.4 332.1  63.9 10.73363 6.890120 6.742417 hargrave 2020-02-25 11:59:35 
TT 150 277.0  53.2 277.0  53.2 2.10E-02 000.3 334.9  63.5 6.424760 7.077140 6.047662 hargrave 2020-02-26 09:13:06 
TT 200 281.5  51.8 281.5  51.8 1.97E-02 001.4 341.4  62.3 10.56835 45.42694 12.47214 hargrave 2020-02-27 17:43:07 
TT 250 281.0  51.4 281.0  51.4 1.94E-02 002.3 340.8  62.0 9.935423 75.09958 11.88849 hargrave 2020-02-28 11:53:01 
TT 300 281.8  50.6 281.8  50.6 1.91E-02 001.2 342.0  61.2 25.72006 26.23555 16.68882 hargrave 2020-03-01 13:59:19 
TT 350 283.0  49.8 283.0  49.8 1.85E-02 001.4 343.7  60.5 38.38074 20.26691 17.84355 hargrave 2020-03-02 08:50:06 
TT 400 281.6  49.0 281.6  49.0 1.80E-02 001.1 341.9  59.6 26.62985 16.96817 17.05560 hargrave 2020-03-02 12:57:49 
TT 425 284.0  48.6 284.0  48.6 1.77E-02 001.7 345.1  59.3 18.04884 46.18116 16.34166 hargrave 2020-03-02 17:22:05 
TT 450 284.0  48.1 284.0  48.1 1.75E-02 001.2 345.3  58.9 19.84089 27.23933 14.54797 hargrave 2020-03-03 11:43:11 
TT 475 284.4  47.7 284.4  47.7 1.73E-02 001.0 345.8  58.5 23.88111 8.753387 13.52916 hargrave 2020-03-03 16:15:37 
TT 500 284.8  47.4 284.8  47.4 1.70E-02 002.5 346.4  58.1 10.34426 72.41687 13.28358 hargrave 2020-03-05 10:42:40 
TT 520 286.3  46.9 286.3  46.9 1.66E-02 000.6 348.3  57.7 12.51894 8.498778 8.755534 hargrave 2020-03-05 16:11:10 
TT 540 286.6  46.6 286.6  46.6 1.59E-02 000.8 348.8  57.4 13.65459 16.86578 7.146121 hargrave 2020-03-06 12:28:07 
TT 550 288.0  46.6 288.0  46.6 1.50E-02 000.7 350.5  57.5 8.484971 16.07043 5.823972 hargrave 2020-03-06 18:01:27 
TT 560 288.3  46.6 288.3  46.6 1.31E-02 000.6 350.9  57.5 6.942819 10.74828 3.996698 hargrave 2020-03-08 16:24:33 
TT 563 285.1  48.3 285.1  48.3 9.22E-03 000.5 346.6  59.1 5.117048 4.916270 3.453250 hargrave 2020-03-09 10:16:11 
TT 566 276.9  51.9 276.9  51.9 3.94E-03 001.0 335.2  62.1 3.818562 5.626790 1.401460 hargrave 2020-03-09 14:43:31 
TT 568 265.9  60.5 265.9  60.5 9.75E-04 000.9 316.3  69.4 1.230147 0.832877 0.212651 hargrave 2020-03-09 19:47:19 
TT 571 262.9  58.0 262.9  58.0 9.12E-04 000.7 314.2  66.6 0.956675 0.542413 0.429446 hargrave 2020-03-10 12:21:27 
TT 575 266.6  61.0 266.6  61.0 8.19E-04 001.2 317.0  70.0 1.451533 0.980367 0.331594 hargrave 2020-03-10 16:58:28 
TT 578 257.1  57.1 257.1  57.1 4.66E-04 002.6 307.5  64.9 1.830182 1.143094 0.250971 hargrave 2020-03-11 08:57:04 
TT 581 266.3  50.0 266.3  50.0 3.52E-04 001.4 322.4  59.2 0.644606 0.589536 0.150659 hargrave 2020-03-12 12:42:14 
TT 585 249.4  67.0 249.4  67.0 1.44E-04 001.1 287.9  72.9 0.251547 0.099287 0.095323 hargrave 2020-03-13 08:44:56 
TT 600 065.8  28.2 065.8  28.2 4.05E-05 001.6 134.1  20.8 0.084455 0.170510 0.020307 hargrave 2020-03-14 14:29:22 
