FC1- 1a sun compass orientation
      0  10.6  60.0   0.0   0.0   1.0
NRM    323.7  47.4 323.7  47.4 7.10E-03 000.5 130.1  52.8 4.967717 4.435476 1.611539 hargrave 2019-10-31 11:29:44
AF  10 323.2  46.2 323.2  46.2 7.06E-03 000.5 128.4  53.3 4.811113 3.590268 1.366396 hargrave 2019-10-31 11:31:04
AF  20 320.9  43.5 320.9  43.5 7.05E-03 000.4 124.3  55.4 4.520480 3.311242 1.307507 hargrave 2019-10-31 11:32:24
AF  30 319.5  41.9 319.5  41.9 7.06E-03 000.4 121.7  56.6 4.360689 3.278012 1.327810 hargrave 2019-10-31 11:33:43
AF  40 319.2  41.2 319.2  41.2 6.96E-03 000.4 120.6  57.0 4.317878 3.245589 1.414898 hargrave 2019-10-31 11:35:03
AF  50 319.5  41.3 319.5  41.3 6.81E-03 000.4 120.7  56.8 4.128795 3.093061 1.381359 hargrave 2019-10-31 11:36:22
AF  60 319.7  41.1 319.7  41.1 6.62E-03 000.4 120.2  56.6 3.974832 2.958233 1.380305 hargrave 2019-10-31 11:37:42
AF  70 320.2  41.1 320.2  41.1 6.34E-03 000.4 120.2  56.3 3.858238 2.821497 1.376446 hargrave 2019-10-31 11:39:02
AF  80 319.9  41.1 319.9  41.1 6.01E-03 000.4 120.2  56.5 3.780409 2.667960 1.317875 hargrave 2019-10-31 11:40:22
AF  90 319.2  41.2 319.2  41.2 5.62E-03 000.4 120.5  57.0 3.491492 2.528614 1.212617 hargrave 2019-10-31 11:41:42
AF 100 318.9  41.1 318.9  41.1 5.20E-03 000.4 120.3  57.2 3.227618 2.280429 1.142034 hargrave 2019-10-31 11:43:02
AF 120 317.8  41.6 317.8  41.6 4.40E-03 000.4 121.5  58.0 2.824263 1.912163 0.971962 hargrave 2019-10-31 11:44:22
AF 140 316.5  42.2 316.5  42.2 3.70E-03 000.4 123.0  58.8 2.437946 1.588220 0.749097 hargrave 2019-10-31 11:45:42
AF 160 314.3  41.8 314.3  41.8 3.14E-03 000.4 122.8  60.5 1.996094 1.254187 0.569258 hargrave 2019-10-31 11:47:02
AF 180 312.5  42.1 312.5  42.1 2.69E-03 000.4 124.0  61.7 1.803243 1.080287 0.436797 hargrave 2019-10-31 11:48:22
AF 200 309.0  41.4 309.0  41.4 2.31E-03 000.4 124.2  64.5 1.533450 0.890104 0.324413 hargrave 2019-10-31 11:49:42
AF 220 308.7  41.1 308.7  41.1 2.04E-03 000.4 123.7  64.8 1.295667 0.721254 0.268238 hargrave 2019-10-31 11:51:02
AF 240 306.7  39.5 306.7  39.5 1.83E-03 000.4 121.0  66.7 1.174757 0.677436 0.241068 hargrave 2019-10-31 11:52:22
AF 260 305.5  39.1 305.5  39.1 1.63E-03 000.4 120.7  67.7 0.971583 0.569534 0.225985 hargrave 2019-10-31 11:53:43
AF 280 305.2  37.8 305.2  37.8 1.51E-03 000.4 117.5  68.2 0.909056 0.570055 0.166922 hargrave 2019-10-31 11:55:03
AF 300 305.0  38.6 305.0  38.6 1.38E-03 000.4 119.8  68.1 0.790267 0.505308 0.152749 hargrave 2019-10-31 11:56:24
AF 320 300.8  37.6 300.8  37.6 1.32E-03 000.4 119.7  71.7 0.786450 0.517568 0.191170 hargrave 2019-10-31 11:57:44
AF 340 303.3  36.9 303.3  36.9 1.21E-03 000.4 116.0  69.9 0.702812 0.533706 0.099046 hargrave 2019-10-31 11:59:04
AF 360 302.5  35.9 302.5  35.9 1.21E-03 000.4 113.7  70.7 0.709390 0.618531 0.110141 hargrave 2019-10-31 12:00:24
AF 380 300.8  35.1 300.8  35.1 1.14E-03 000.4 111.9  72.3 0.629934 0.574394 0.096588 hargrave 2019-10-31 12:01:44
AF 400 301.3  35.4 301.3  35.4 1.12E-03 000.5 112.6  71.8 0.715173 0.615985 0.114565 hargrave 2019-10-31 12:03:04
AF 420 301.1  36.8 301.1  36.8 1.05E-03 000.5 117.2  71.7 0.654910 0.641223 0.099711 hargrave 2019-10-31 12:04:24
AF 440 301.7  34.7 301.7  34.7 1.02E-03 000.5 110.2  71.6 0.607486 0.601987 0.086397 hargrave 2019-10-31 12:05:43
AF 460 302.8  32.7 302.8  32.7 9.99E-04 000.5 103.9  70.9 0.583644 0.652587 0.078754 hargrave 2019-10-31 12:07:03
AF 480 302.4  32.7 302.4  32.7 9.36E-04 000.5 103.8  71.2 0.475239 0.617759 0.085940 hargrave 2019-10-31 12:08:23
AF 500 299.1  34.8 299.1  34.8 9.34E-04 000.5 111.9  73.7 0.636464 0.654258 0.098919 hargrave 2019-10-31 12:09:43
AF 540 304.1  31.0 304.1  31.0 8.79E-04 000.5 098.9  69.7 0.551455 0.663093 0.087622 hargrave 2019-10-31 12:11:03
AF 580 303.1  30.2 303.1  30.2 8.35E-04 000.5 096.4  70.6 0.442377 0.608117 0.096845 hargrave 2019-10-31 12:12:23
AF 620 301.7  32.4 301.7  32.4 7.68E-04 000.6 102.9  71.9 0.433352 0.640599 0.101622 hargrave 2019-10-31 12:13:43
AF 660 303.5  29.4 303.5  29.4 7.10E-04 000.5 094.0  70.1 0.311785 0.618042 0.109103 hargrave 2019-10-31 12:15:02
AF 700 298.9  30.8 298.9  30.8 6.85E-04 000.5 097.6  74.2 0.370963 0.544801 0.105776 hargrave 2019-10-31 12:16:22
AF 740 301.2  28.3 301.2  28.3 6.35E-04 000.6 089.6  71.9 0.328233 0.549738 0.121134 hargrave 2019-10-31 12:17:42
AF 780 299.5  28.0 299.5  28.0 6.33E-04 000.5 087.6  73.4 0.348377 0.516111 0.117947 hargrave 2019-10-31 12:19:02
AF 820 300.6  25.7 300.6  25.7 5.50E-04 000.6 081.1  71.8 0.244702 0.493164 0.130756 hargrave 2019-10-31 12:20:21
AF 860 304.2  24.0 304.2  24.0 5.75E-04 000.6 079.7  68.2 0.228923 0.564058 0.140268 hargrave 2019-10-31 12:21:41
AF 900 301.9  20.3 301.9  20.3 4.67E-04 000.6 068.3  68.5 0.123541 0.498880 0.151171 hargrave 2019-10-31 12:23:02
AF 950 296.3  22.5 296.3  22.5 4.51E-04 000.7 065.8  74.1 0.201214 0.499706 0.156468 hargrave 2019-10-31 12:24:22
AF1000 300.8  22.0 300.8  22.0 4.11E-04 000.7 071.0  70.2 0.140886 0.525150 0.142526 hargrave 2019-10-31 12:25:42
AF1050 299.0  16.4 299.0  16.4 4.10E-04 000.8 055.2  68.3 0.088640 0.582103 0.139202 hargrave 2019-10-31 12:27:03
AF1100 296.7  18.0 296.7  18.0 3.44E-04 001.0 054.3  71.1 0.194272 0.557371 0.129891 hargrave 2019-10-31 12:28:23
AF1150 289.4  06.8 289.4  06.8 3.33E-04 000.9 021.5  65.4 0.126208 0.533518 0.151361 hargrave 2019-10-31 12:29:44
AF1200 299.0  12.4 299.0  12.4 3.32E-04 000.9 047.9  65.5 0.133506 0.483908 0.148857 hargrave 2019-10-31 12:31:05
AF1250 293.3  05.6 293.3  05.6 3.01E-04 001.1 028.6  62.8 0.106238 0.581309 0.143665 hargrave 2019-10-31 12:32:27
AF1300 295.0 -04.1 295.0 -04.1 2.84E-04 001.2 024.5  53.3 0.108585 0.599621 0.139352 hargrave 2019-10-31 12:33:51
