FC1- 5a sun compass orientation
      0 355.2  53.0   0.0   0.0   1.0
NRM    302.0  38.7 302.0  38.7 8.09E-03 000.4 104.7  61.1 5.770476 2.788630 1.570000 hargrave 2019-10-31 03:48:13 
AF  10 302.1  37.3 302.1  37.3 8.01E-03 000.4 102.0  60.8 5.390272 2.619825 1.382516 hargrave 2019-10-31 03:49:32 
AF  20 300.5  34.0 300.5  34.0 8.06E-03 000.4 094.6  61.2 5.361810 2.756476 1.698145 hargrave 2019-10-31 03:50:52 
AF  30 299.2  31.2 299.2  31.2 8.18E-03 000.4 088.3  61.4 5.535989 2.855796 2.024443 hargrave 2019-10-31 03:52:11 
AF  40 298.4  29.3 298.4  29.3 8.16E-03 000.4 084.2  61.3 5.275850 2.964922 2.146543 hargrave 2019-10-31 03:53:31 
AF  50 298.4  28.5 298.4  28.5 7.99E-03 000.4 082.6  61.0 5.233432 2.876798 2.249873 hargrave 2019-10-31 03:54:50 
AF  60 298.3  27.8 298.3  27.8 7.78E-03 000.4 081.4  60.7 5.016800 2.832820 2.238046 hargrave 2019-10-31 03:56:10 
AF  70 298.2  27.4 298.2  27.4 7.50E-03 000.4 080.6  60.6 4.917941 2.725361 2.230327 hargrave 2019-10-31 03:57:29 
AF  80 298.4  27.0 298.4  27.0 7.17E-03 000.4 080.0  60.3 4.568485 2.581565 2.177509 hargrave 2019-10-31 03:58:49 
AF  90 298.2  27.1 298.2  27.1 6.81E-03 000.4 080.1  60.5 4.395639 2.432983 2.038169 hargrave 2019-10-31 04:00:09 
AF 100 298.3  27.1 298.3  27.1 6.44E-03 000.4 080.0  60.4 4.071092 2.290251 1.916730 hargrave 2019-10-31 04:01:28 
AF 120 298.6  27.5 298.6  27.5 5.76E-03 000.4 081.2  60.4 3.626732 1.990886 1.676905 hargrave 2019-10-31 04:02:48 
AF 140 298.8  28.2 298.8  28.2 5.09E-03 000.4 082.4  60.5 3.348014 1.771696 1.392006 hargrave 2019-10-31 04:04:07 
AF 160 300.1  28.9 300.1  28.9 4.52E-03 000.4 084.8  59.8 2.792867 1.518954 1.172985 hargrave 2019-10-31 04:05:27 
AF 180 300.8  30.2 300.8  30.2 4.01E-03 000.4 087.7  59.8 2.482818 1.277997 0.941698 hargrave 2019-10-31 04:06:46 
AF 200 301.7  31.3 301.7  31.3 3.55E-03 000.4 090.1  59.5 2.170563 1.149602 0.813247 hargrave 2019-10-31 04:08:06 
AF 220 302.7  32.3 302.7  32.3 3.14E-03 000.4 092.7  59.0 1.885623 0.902010 0.694890 hargrave 2019-10-31 04:09:25 
AF 240 303.4  33.0 303.4  33.0 2.83E-03 000.4 094.2  58.7 1.822463 0.848542 0.606478 hargrave 2019-10-31 04:10:45 
AF 260 304.4  34.4 304.4  34.4 2.55E-03 000.4 097.3  58.3 1.617915 0.783376 0.541662 hargrave 2019-10-31 04:12:06 
AF 280 304.4  35.4 304.4  35.4 2.24E-03 000.4 099.1  58.5 1.397522 0.666968 0.467099 hargrave 2019-10-31 04:13:26 
AF 300 306.0  35.8 306.0  35.8 2.06E-03 000.4 100.5  57.4 1.303738 0.642686 0.450802 hargrave 2019-10-31 04:14:46 
AF 320 306.1  37.2 306.1  37.2 1.91E-03 000.4 102.9  57.7 1.238525 0.555920 0.401974 hargrave 2019-10-31 04:16:05 
AF 340 305.3  38.1 305.3  38.1 1.79E-03 000.4 104.4  58.4 1.217774 0.604854 0.341474 hargrave 2019-10-31 04:17:24 
AF 360 307.7  38.1 307.7  38.1 1.74E-03 000.4 105.1  56.6 1.200962 0.502231 0.401038 hargrave 2019-10-31 04:18:44 
AF 380 308.5  39.4 308.5  39.4 1.59E-03 000.4 107.7  56.2 1.062782 0.496032 0.384830 hargrave 2019-10-31 04:20:03 
AF 400 308.1  39.3 308.1  39.3 1.55E-03 000.4 107.3  56.5 1.058909 0.436239 0.364810 hargrave 2019-10-31 04:21:23 
AF 420 307.7  40.6 307.7  40.6 1.45E-03 000.4 109.6  57.0 0.964832 0.418712 0.349049 hargrave 2019-10-31 04:22:42 
AF 440 305.6  42.5 305.6  42.5 1.39E-03 000.5 112.8  58.7 0.980959 0.467141 0.263396 hargrave 2019-10-31 04:24:02 
AF 460 309.5  40.9 309.5  40.9 1.35E-03 000.5 110.6  55.7 0.941837 0.374018 0.338311 hargrave 2019-10-31 04:25:21 
AF 480 307.2  41.4 307.2  41.4 1.31E-03 000.5 111.0  57.5 0.976777 0.450502 0.272298 hargrave 2019-10-31 04:26:41 
AF 500 306.7  41.6 306.7  41.6 1.24E-03 000.5 111.2  57.8 0.875060 0.419593 0.252324 hargrave 2019-10-31 04:28:00 
AF 540 306.9  42.5 306.9  42.5 1.13E-03 000.5 113.1  57.8 0.838535 0.372150 0.239755 hargrave 2019-10-31 04:29:20 
AF 580 307.4  42.5 307.4  42.5 1.07E-03 000.5 113.1  57.5 0.767301 0.356645 0.254466 hargrave 2019-10-31 04:30:39 
AF 620 310.2  44.3 310.2  44.3 9.99E-04 000.5 116.6  55.5 0.713660 0.285027 0.256538 hargrave 2019-10-31 04:31:59 
AF 660 310.1  44.3 310.1  44.3 9.43E-04 000.5 116.6  55.6 0.688165 0.330804 0.279804 hargrave 2019-10-31 04:33:18 
AF 700 308.1  43.7 308.1  43.7 8.89E-04 000.5 115.3  57.0 0.650550 0.300988 0.211869 hargrave 2019-10-31 04:34:37 
AF 740 308.9  47.2 308.9  47.2 7.86E-04 000.5 121.7  56.5 0.625023 0.338961 0.218127 hargrave 2019-10-31 04:35:57 
AF 780 311.0  49.1 311.0  49.1 7.64E-04 000.5 125.0  55.0 0.549166 0.277030 0.216572 hargrave 2019-10-31 04:37:16 
AF 820 309.6  49.1 309.6  49.1 7.22E-04 000.5 125.1  55.9 0.498724 0.247981 0.234047 hargrave 2019-10-31 04:38:36 
AF 860 310.1  54.2 310.1  54.2 6.27E-04 000.5 134.0  55.0 0.442354 0.294483 0.216619 hargrave 2019-10-31 04:39:57 
AF 900 311.8  51.8 311.8  51.8 5.90E-04 000.5 129.7  54.3 0.436280 0.271062 0.228482 hargrave 2019-10-31 04:41:16 
AF 950 315.0  54.5 315.0  54.5 5.55E-04 000.6 133.8  52.1 0.448005 0.287769 0.233006 hargrave 2019-10-31 04:42:36 
AF1000 314.3  54.1 314.3  54.1 4.93E-04 000.6 133.1  52.6 0.407121 0.239043 0.204114 hargrave 2019-10-31 04:43:56 
AF1050 314.9  61.0 314.9  61.0 3.78E-04 000.8 144.1  51.0 0.376162 0.256300 0.219619 hargrave 2019-10-31 04:45:16 
AF1100 323.2  57.3 323.2  57.3 3.89E-04 000.7 137.5  47.3 0.370819 0.188726 0.212314 hargrave 2019-10-31 04:46:36 
AF1150 325.9  62.1 325.9  62.1 3.26E-04 000.8 144.3  45.6 0.338345 0.216576 0.207907 hargrave 2019-10-31 04:47:57 
AF1200 314.9  64.3 314.9  64.3 2.99E-04 000.9 149.0  50.1 0.337535 0.240563 0.177863 hargrave 2019-10-31 04:49:18 
AF1250 321.0  59.7 321.0  59.7 2.55E-04 000.8 141.2  48.2 0.250908 0.201604 0.179933 hargrave 2019-10-31 04:50:39 
AF1300 322.2  63.2 322.2  63.2 2.26E-04 001.0 146.3  47.2 0.287061 0.214151 0.170594 hargrave 2019-10-31 04:52:02 
