FC1- 8a sun compass orientation
      0  15.9  47.0   0.0   0.0   1.0
NRM    283.8  65.4 283.8  65.4 1.34E-02 000.4 182.3  67.5 7.520919 6.323764 2.260359 hargrave 2019-10-31 07:09:34 
AF  10 283.6  63.5 283.6  63.5 1.30E-02 000.4 182.9  69.5 7.478962 5.888530 2.247739 hargrave 2019-10-31 07:12:31 
AF  20 283.2  57.8 283.2  57.8 1.22E-02 000.4 185.6  75.2 7.136171 5.443299 1.460191 hargrave 2019-10-31 07:13:51 
AF  30 282.2  52.8 282.2  52.8 1.15E-02 000.4 192.7  79.9 6.633303 5.117651 0.819790 hargrave 2019-10-31 07:15:10 
AF  40 281.2  49.7 281.2  49.7 1.05E-02 000.4 204.4  82.6 6.002990 4.739226 0.581910 hargrave 2019-10-31 07:16:30 
AF  50 280.1  48.6 280.1  48.6 9.62E-03 000.4 214.0  83.1 5.450472 4.308454 0.604864 hargrave 2019-10-31 07:17:49 
AF  60 279.2  48.0 279.2  48.0 8.81E-03 000.4 220.8  83.1 4.971070 3.947834 0.634709 hargrave 2019-10-31 07:19:08 
AF  70 278.1  48.0 278.1  48.0 8.08E-03 000.4 224.8  82.6 4.497235 3.597782 0.650545 hargrave 2019-10-31 07:20:28 
AF  80 277.4  48.0 277.4  48.0 7.41E-03 000.4 227.4  82.2 4.123665 3.337893 0.695072 hargrave 2019-10-31 07:21:47 
AF  90 276.6  47.8 276.6  47.8 6.82E-03 000.4 230.3  81.9 3.734140 3.081928 0.675824 hargrave 2019-10-31 07:23:56 
AF 100 275.9  47.4 275.9  47.4 6.30E-03 000.4 234.7  81.7 3.473989 2.861050 0.660400 hargrave 2019-10-31 07:25:15 
AF 120 275.8  47.0 275.8  47.0 5.45E-03 000.4 237.1  81.8 2.976203 2.475400 0.698002 hargrave 2019-10-31 07:26:35 
AF 140 277.7  46.0 277.7  46.0 4.80E-03 000.4 239.7  83.4 2.666198 2.199724 0.646105 hargrave 2019-10-31 07:27:54 
AF 160 279.0  45.8 279.0  45.8 4.19E-03 000.4 238.1  84.3 2.192425 1.799014 0.565172 hargrave 2019-10-31 07:29:14 
AF 180 279.0  44.8 279.0  44.8 3.69E-03 000.4 247.2  84.7 1.920326 1.607372 0.486047 hargrave 2019-10-31 07:30:34 
AF 200 278.0  46.4 278.0  46.4 3.33E-03 000.4 235.9  83.4 1.636003 1.426896 0.418241 hargrave 2019-10-31 07:31:54 
AF 220 280.7  44.5 280.7  44.5 3.00E-03 000.4 246.3  86.0 1.436394 1.241612 0.394136 hargrave 2019-10-31 07:33:14 
AF 240 280.4  45.2 280.4  45.2 2.64E-03 000.3 239.2  85.5 1.186935 1.051761 0.332069 hargrave 2019-10-31 07:34:34 
AF 260 281.1  44.2 281.1  44.2 2.44E-03 000.3 249.7  86.4 1.063286 0.934760 0.334944 hargrave 2019-10-31 07:35:53 
AF 280 279.5  44.3 279.5  44.3 2.23E-03 000.3 252.4  85.2 1.006233 0.820504 0.286473 hargrave 2019-10-31 07:37:13 
AF 300 283.5  42.2 283.5  42.2 2.09E-03 000.3 293.4  88.0 0.901409 0.762288 0.318382 hargrave 2019-10-31 07:38:33 
AF 320 281.5  43.3 281.5  43.3 1.86E-03 000.3 263.4  86.8 0.702291 0.594895 0.255335 hargrave 2019-10-31 07:39:52 
AF 340 285.1  43.7 285.1  43.7 1.80E-03 000.3 220.9  89.1 0.753107 0.596263 0.232938 hargrave 2019-10-31 07:41:12 
AF 360 283.1  45.3 283.1  45.3 1.70E-03 000.3 219.7  86.9 0.675930 0.519060 0.189049 hargrave 2019-10-31 07:42:31 
AF 380 283.1  44.6 283.1  44.6 1.62E-03 000.3 231.1  87.4 0.642721 0.470608 0.187288 hargrave 2019-10-31 07:43:51 
AF 400 283.1  45.9 283.1  45.9 1.55E-03 000.3 213.9  86.5 0.543664 0.439035 0.147533 hargrave 2019-10-31 07:45:11 
AF 420 286.3  44.6 286.3  44.6 1.49E-03 000.3 170.3  88.4 0.581671 0.420691 0.165767 hargrave 2019-10-31 07:46:31 
AF 440 285.5  44.8 285.5  44.8 1.46E-03 000.3 189.9  88.2 0.588951 0.475389 0.168313 hargrave 2019-10-31 07:47:50 
AF 460 286.5  43.9 286.5  43.9 1.43E-03 000.3 153.8  88.9 0.537326 0.374550 0.161159 hargrave 2019-10-31 07:49:10 
AF 480 283.6  43.5 283.6  43.5 1.37E-03 000.2 253.4  88.2 0.480498 0.336336 0.130831 hargrave 2019-10-31 07:50:30 
AF 500 281.8  45.2 281.8  45.2 1.34E-03 000.3 231.5  86.3 0.479779 0.345659 0.086173 hargrave 2019-10-31 07:51:49 
AF 540 285.7  42.6 285.7  42.6 1.29E-03 000.2 335.6  89.6 0.414157 0.252157 0.115450 hargrave 2019-10-31 07:53:09 
AF 580 282.5  44.0 282.5  44.0 1.22E-03 000.3 247.6  87.4 0.463810 0.302423 0.100825 hargrave 2019-10-31 07:54:28 
AF 620 285.6  37.6 285.6  37.6 1.16E-03 000.3 357.3  84.6 0.457335 0.277788 0.169278 hargrave 2019-10-31 07:55:48 
AF 660 280.9  37.7 280.9  37.7 1.11E-03 000.2 322.5  83.5 0.370264 0.109680 0.132624 hargrave 2019-10-31 07:57:07 
AF 700 284.0  33.2 284.0  33.2 1.09E-03 000.2 350.7  80.1 0.316374 0.299304 0.192033 hargrave 2019-10-31 07:58:27 
AF 740 280.6  38.5 280.6  38.5 1.05E-03 000.2 316.4  84.0 0.365752 0.260064 0.121880 hargrave 2019-10-31 07:59:46 
AF 780 283.7  33.2 283.7  33.2 9.29E-04 000.2 349.1  80.0 0.341874 0.177818 0.195203 hargrave 2019-10-31 08:01:06 
AF 820 283.4  31.9 283.4  31.9 8.66E-04 000.2 349.2  78.8 0.305908 0.094211 0.154909 hargrave 2019-10-31 08:02:26 
AF 860 283.3  28.3 283.3  28.3 8.74E-04 000.2 351.1  75.1 0.292391 0.222354 0.214257 hargrave 2019-10-31 08:03:46 
AF 900 288.1  29.4 288.1  29.4 7.96E-04 000.2 007.9  76.3 0.272297 0.182416 0.169444 hargrave 2019-10-31 08:05:06 
AF 950 279.4  27.3 279.4  27.3 8.09E-04 000.2 339.5  73.4 0.236353 0.130745 0.135761 hargrave 2019-10-31 08:06:26 
AF1000 281.9  20.8 281.9  20.8 8.40E-04 000.2 350.2  67.6 0.257792 0.140118 0.222807 hargrave 2019-10-31 08:07:46 
AF1050 284.7  19.1 284.7  19.1 7.70E-04 000.2 357.3  66.0 0.251027 0.121893 0.233991 hargrave 2019-10-31 08:09:07 
AF1100 284.9  13.6 284.9  13.6 6.59E-04 000.2 358.0  60.6 0.230220 0.142784 0.241064 hargrave 2019-10-31 08:10:28 
AF1150 282.8  10.7 282.8  10.7 5.91E-04 000.2 354.4  57.6 0.189949 0.169272 0.200329 hargrave 2019-10-31 08:11:49 
AF1200 284.6  11.9 284.6  11.9 6.52E-04 000.2 357.6  58.9 0.239240 0.174014 0.222008 hargrave 2019-10-31 08:13:10 
AF1250 290.4  08.4 290.4  08.4 6.49E-04 000.3 007.8  55.2 0.253958 0.100913 0.274528 hargrave 2019-10-31 08:14:32 
AF1300 292.0 -01.4 292.0 -01.4 6.68E-04 000.2 008.7  45.3 0.245303 0.031746 0.305335 hargrave 2019-10-31 08:15:55 
