FC1- 9a sun compass orientation
      0  33.8  82.0   0.0   0.0   1.0
NRM    303.7  55.9 303.7  55.9 9.92E-03 000.4 180.1  42.1 1.501059 5.674874 4.322029 hargrave 2019-10-31 13:40:41
AF  10 303.5  54.0 303.5  54.0 9.71E-03 000.4 180.3  44.0 2.079720 4.845293 4.557964 hargrave 2019-10-31 13:42:00
AF  20 300.8  48.8 300.8  48.8 9.50E-03 000.4 183.0  49.1 2.705651 5.052306 4.082492 hargrave 2019-10-31 13:43:20
AF  30 298.8  44.8 298.8  44.8 9.43E-03 000.4 185.9  52.9 3.127253 5.357220 3.688825 hargrave 2019-10-31 13:45:29
AF  40 298.0  42.5 298.0  42.5 9.27E-03 000.5 187.5  55.1 3.479261 5.591891 3.475332 hargrave 2019-10-31 13:47:38
AF  50 297.9  41.7 297.9  41.7 9.04E-03 000.5 187.9  55.9 3.576750 5.407278 3.383857 hargrave 2019-10-31 13:48:57
AF  60 297.9  41.0 297.9  41.0 8.72E-03 000.5 188.1  56.5 3.660106 5.342714 3.211261 hargrave 2019-10-31 13:50:16
AF  70 297.9  41.0 297.9  41.0 8.33E-03 000.5 188.1  56.6 3.644964 5.160016 3.046702 hargrave 2019-10-31 13:51:36
AF  80 298.4  40.8 298.4  40.8 7.89E-03 000.5 187.5  56.8 3.600483 4.997167 2.794323 hargrave 2019-10-31 13:52:56
AF  90 298.3  41.1 298.3  41.1 7.45E-03 000.5 187.6  56.6 3.735188 4.804697 2.659201 hargrave 2019-10-31 13:54:15
AF 100 298.3  41.2 298.3  41.2 7.00E-03 000.5 187.5  56.4 3.651484 4.517242 2.478619 hargrave 2019-10-31 13:55:35
AF 120 298.7  41.2 298.7  41.2 6.22E-03 000.5 186.9  56.5 3.117132 4.063488 2.167902 hargrave 2019-10-31 13:56:54
AF 140 299.0  42.1 299.0  42.1 5.55E-03 000.5 186.3  55.6 2.832733 3.701497 1.921151 hargrave 2019-10-31 13:58:14
AF 160 299.3  42.2 299.3  42.2 5.01E-03 000.5 185.9  55.5 2.626496 3.440767 1.655062 hargrave 2019-10-31 14:00:22
AF 180 299.5  42.4 299.5  42.4 4.55E-03 000.5 185.6  55.4 2.530067 3.095805 1.543097 hargrave 2019-10-31 14:01:42
AF 200 299.3  43.3 299.3  43.3 4.17E-03 000.5 185.6  54.5 2.316516 2.947110 1.396851 hargrave 2019-10-31 14:03:50
AF 220 298.5  43.6 298.5  43.6 3.82E-03 000.6 186.5  54.1 2.279022 2.872703 1.327848 hargrave 2019-10-31 14:05:11
AF 240 298.7  43.3 298.7  43.3 3.53E-03 000.6 186.3  54.4 2.165669 2.680776 1.202997 hargrave 2019-10-31 14:06:30
AF 260 297.1  45.0 297.1  45.0 3.23E-03 000.6 187.8  52.6 1.916336 2.378261 1.168555 hargrave 2019-10-31 14:07:50
AF 280 296.0  45.2 296.0  45.2 3.06E-03 000.6 189.0  52.2 1.771719 2.189664 1.113343 hargrave 2019-10-31 14:09:09
AF 300 295.9  44.5 295.9  44.5 2.87E-03 000.6 189.3  52.8 1.695159 2.079440 1.017907 hargrave 2019-10-31 14:10:29
AF 320 295.4  45.2 295.4  45.2 2.71E-03 000.6 189.6  52.1 1.586963 1.990118 0.984419 hargrave 2019-10-31 14:11:48
AF 340 294.5  44.3 294.5  44.3 2.58E-03 000.5 191.0  52.8 1.509802 1.831677 0.937439 hargrave 2019-10-31 14:13:08
AF 360 294.3  44.6 294.3  44.6 2.46E-03 000.6 191.1  52.5 1.427176 2.048613 0.898964 hargrave 2019-10-31 14:14:28
AF 380 295.0  45.2 295.0  45.2 2.38E-03 000.6 190.1  52.1 1.365196 1.739304 0.864436 hargrave 2019-10-31 14:15:47
AF 400 294.2  44.8 294.2  44.8 2.31E-03 000.5 191.1  52.3 1.303447 1.638093 0.813290 hargrave 2019-10-31 14:17:07
AF 420 292.9  44.4 292.9  44.4 2.19E-03 000.6 192.8  52.3 1.368059 1.684262 0.748826 hargrave 2019-10-31 14:18:27
AF 440 294.6  45.1 294.6  45.1 2.12E-03 000.5 190.6  52.0 1.295892 1.472526 0.727921 hargrave 2019-10-31 14:19:47
AF 460 293.9  44.0 293.9  44.0 2.07E-03 000.6 191.9  52.9 1.380146 1.572725 0.742684 hargrave 2019-10-31 14:21:06
AF 480 290.2  44.2 290.2  44.2 1.95E-03 000.6 195.9  51.9 1.222731 1.487149 0.736544 hargrave 2019-10-31 14:22:26
AF 500 292.5  43.6 292.5  43.6 1.90E-03 000.6 193.6  53.0 1.136867 1.422442 0.668043 hargrave 2019-10-31 14:23:45
AF 540 291.9  42.5 291.9  42.5 1.77E-03 000.6 195.0  53.9 1.115047 1.372168 0.648178 hargrave 2019-10-31 14:25:05
AF 580 290.1  41.4 290.1  41.4 1.57E-03 000.6 197.8  54.5 1.081677 1.204220 0.581036 hargrave 2019-10-31 14:26:25
AF 620 288.9  42.7 288.9  42.7 1.49E-03 000.6 198.2  52.9 1.021203 1.171852 0.566616 hargrave 2019-10-31 14:27:44
AF 660 289.1  38.9 289.1  38.9 1.38E-03 000.6 201.0  56.4 1.008261 1.189336 0.519305 hargrave 2019-10-31 14:29:04
AF 700 285.9  39.7 285.9  39.7 1.27E-03 000.7 204.0  54.4 0.936378 1.141873 0.539658 hargrave 2019-10-31 14:30:23
AF 740 284.0  38.3 284.0  38.3 1.17E-03 000.7 207.4  54.8 0.925881 1.030424 0.554016 hargrave 2019-10-31 14:31:43
AF 780 283.1  37.1 283.1  37.1 1.05E-03 000.7 209.7  55.4 0.836684 0.970813 0.497571 hargrave 2019-10-31 14:33:03
AF 820 283.5  35.8 283.5  35.8 1.00E-03 000.7 210.8  56.6 0.865286 0.950994 0.455637 hargrave 2019-10-31 14:34:22
AF 860 279.0  36.1 279.0  36.1 8.62E-04 000.8 215.1  54.0 0.718289 0.929458 0.435290 hargrave 2019-10-31 14:35:42
AF 900 278.7  35.0 278.7  35.0 7.70E-04 000.8 216.7  54.5 0.730644 0.922167 0.422621 hargrave 2019-10-31 14:37:02
AF 950 273.5  26.2 273.5  26.2 6.51E-04 000.9 234.0  55.9 0.663981 0.848598 0.456833 hargrave 2019-10-31 14:38:22
AF1000 272.5  26.7 272.5  26.7 6.24E-04 001.0 233.8  54.9 0.657375 0.883277 0.444465 hargrave 2019-10-31 14:39:42
AF1050 261.8  17.7 261.8  17.7 5.15E-04 001.0 252.3  48.0 0.505422 0.809639 0.438995 hargrave 2019-10-31 14:41:03
AF1100 267.8  13.4 267.8  13.4 4.49E-04 001.1 258.2  54.3 0.518155 0.742359 0.409452 hargrave 2019-10-31 14:42:23
AF1150 263.4  00.8 263.4  00.8 4.45E-04 001.2 278.1  49.1 0.541429 0.725253 0.453587 hargrave 2019-10-31 14:43:44
AF1200 259.9 -10.2 259.9 -10.2 4.24E-04 001.3 291.8  42.6 0.448038 0.852049 0.472590 hargrave 2019-10-31 14:45:05
AF1250 254.4 -16.6 254.4 -16.6 3.64E-04 001.4 296.9  35.3 0.459189 0.739796 0.450032 hargrave 2019-10-31 14:46:27
AF1300 262.1 -20.7 262.1 -20.7 4.05E-04 001.4 305.6  40.0 0.439843 0.847112 0.425990 hargrave 2019-10-31 14:47:49
