FC1- 6a sun compass orientation
      0   1.2  56.0   0.0   0.0   1.0
NRM    331.4  52.8 331.4  52.8 1.02E-02 000.4 133.2  44.0 4.083750 3.550385 3.695617 hargrave 2019-10-31 04:53:25 
AF  10 330.6  52.4 330.6  52.4 1.01E-02 000.4 132.6  44.5 4.607300 3.091634 3.707112 hargrave 2019-10-31 04:54:44 
AF  20 327.1  51.1 327.1  51.1 9.81E-03 000.4 130.7  46.6 4.568962 3.071946 3.420847 hargrave 2019-10-31 04:56:04 
AF  30 324.3  50.0 324.3  50.0 9.67E-03 000.4 129.2  48.4 4.492357 3.160236 3.218544 hargrave 2019-10-31 04:57:23 
AF  40 322.6  49.3 322.6  49.3 9.49E-03 000.4 128.2  49.6 4.344511 3.267362 3.083907 hargrave 2019-10-31 04:58:42 
AF  50 322.0  49.0 322.0  49.0 9.30E-03 000.4 127.8  50.0 4.126942 3.276936 3.052453 hargrave 2019-10-31 05:00:01 
AF  60 321.5  48.8 321.5  48.8 9.03E-03 000.4 127.5  50.3 4.084726 3.175912 2.869820 hargrave 2019-10-31 05:01:20 
AF  70 321.5  48.7 321.5  48.7 8.69E-03 000.4 127.2  50.4 3.918960 3.073544 2.835163 hargrave 2019-10-31 05:02:39 
AF  80 321.4  48.4 321.4  48.4 8.29E-03 000.4 126.8  50.4 3.765935 2.923978 2.681446 hargrave 2019-10-31 05:03:58 
AF  90 321.3  48.1 321.3  48.1 7.84E-03 000.4 126.4  50.5 3.544196 2.768466 2.562071 hargrave 2019-10-31 05:05:18 
AF 100 321.2  47.7 321.2  47.7 7.38E-03 000.4 125.7  50.6 3.337905 2.615437 2.402611 hargrave 2019-10-31 05:06:37 
AF 120 321.2  46.3 321.2  46.3 6.50E-03 000.4 123.5  50.6 3.031166 2.257526 2.117771 hargrave 2019-10-31 05:07:56 
AF 140 321.7  44.9 321.7  44.9 5.74E-03 000.4 121.4  50.2 2.733237 1.963132 1.927979 hargrave 2019-10-31 05:09:15 
AF 160 322.5  43.5 322.5  43.5 5.14E-03 000.4 119.3  49.5 2.400638 1.954553 1.778430 hargrave 2019-10-31 05:10:35 
AF 180 322.9  42.5 322.9  42.5 4.63E-03 000.4 117.8  49.1 2.201266 1.540586 1.664105 hargrave 2019-10-31 05:11:54 
AF 200 323.3  41.2 323.3  41.2 4.20E-03 000.4 115.9  48.7 1.995980 1.366515 1.551206 hargrave 2019-10-31 05:13:13 
AF 220 323.8  40.9 323.8  40.9 3.84E-03 000.4 115.5  48.3 1.814867 1.212022 1.463112 hargrave 2019-10-31 05:14:33 
AF 240 323.7  40.3 323.7  40.3 3.51E-03 000.4 114.6  48.3 1.652033 1.106184 1.356375 hargrave 2019-10-31 05:15:52 
AF 260 324.6  40.7 324.6  40.7 3.26E-03 000.4 115.4  47.7 1.491291 1.042757 1.344135 hargrave 2019-10-31 05:17:11 
AF 280 324.6  40.2 324.6  40.2 2.98E-03 000.4 114.6  47.6 1.414177 0.962252 1.205167 hargrave 2019-10-31 05:18:31 
AF 300 325.5  40.4 325.5  40.4 2.81E-03 000.4 115.0  46.9 1.355810 0.819628 1.172778 hargrave 2019-10-31 05:21:28 
AF 320 324.8  40.4 324.8  40.4 2.66E-03 000.4 114.9  47.5 1.270826 0.843793 1.147473 hargrave 2019-10-31 05:22:47 
AF 340 326.6  39.7 326.6  39.7 2.54E-03 000.4 114.3  46.0 1.209046 0.751260 1.085377 hargrave 2019-10-31 05:24:07 
AF 360 326.9  40.0 326.9  40.0 2.46E-03 000.4 114.7  45.9 1.160530 0.789436 1.096848 hargrave 2019-10-31 05:25:26 
AF 380 327.5  40.1 327.5  40.1 2.36E-03 000.4 115.0  45.4 1.121238 0.716318 1.044857 hargrave 2019-10-31 05:26:46 
AF 400 327.0  40.6 327.0  40.6 2.30E-03 000.4 115.6  45.9 1.066118 0.682783 1.019836 hargrave 2019-10-31 05:28:05 
AF 420 328.1  40.7 328.1  40.7 2.21E-03 000.4 115.9  45.0 0.974268 0.712533 1.021228 hargrave 2019-10-31 05:29:24 
AF 440 329.3  40.6 329.3  40.6 2.18E-03 000.4 116.0  44.1 1.006928 0.674421 0.993521 hargrave 2019-10-31 05:30:44 
AF 460 329.9  41.9 329.9  41.9 2.11E-03 000.4 117.9  44.0 1.000095 0.608859 0.988171 hargrave 2019-10-31 05:32:03 
AF 480 328.5  42.1 328.5  42.1 2.09E-03 000.4 118.0  45.0 0.986429 0.599854 0.996617 hargrave 2019-10-31 05:33:23 
AF 500 329.6  41.2 329.6  41.2 2.03E-03 000.4 117.0  44.1 0.934349 0.604398 0.934486 hargrave 2019-10-31 05:34:42 
AF 540 329.3  43.5 329.3  43.5 1.97E-03 000.4 120.0  44.7 0.866980 0.578110 0.958596 hargrave 2019-10-31 05:36:02 
AF 580 331.1  43.6 331.1  43.6 1.88E-03 000.4 120.5  43.4 0.924699 0.524968 0.929578 hargrave 2019-10-31 05:37:21 
AF 620 332.6  44.0 332.6  44.0 1.78E-03 000.4 121.3  42.4 0.792954 0.516486 0.934234 hargrave 2019-10-31 05:38:41 
AF 660 333.4  44.9 333.4  44.9 1.81E-03 000.4 122.6  42.0 0.788859 0.520254 0.930654 hargrave 2019-10-31 05:40:01 
AF 700 333.9  46.1 333.9  46.1 1.70E-03 000.4 124.2  41.8 0.730015 0.500756 0.855881 hargrave 2019-10-31 05:41:20 
AF 740 336.2  47.3 336.2  47.3 1.62E-03 000.4 126.1  40.4 0.646556 0.509296 0.898958 hargrave 2019-10-31 05:42:40 
AF 780 337.6  46.2 337.6  46.2 1.63E-03 000.4 125.0  39.3 0.612797 0.537409 0.873806 hargrave 2019-10-31 05:43:59 
AF 820 337.8  46.9 337.8  46.9 1.60E-03 000.4 125.8  39.3 0.656233 0.510870 0.861351 hargrave 2019-10-31 05:45:19 
AF 860 336.6  48.6 336.6  48.6 1.50E-03 000.4 127.9  40.4 0.600391 0.427117 0.828504 hargrave 2019-10-31 05:46:40 
AF 900 339.5  48.7 339.5  48.7 1.45E-03 000.4 128.5  38.5 0.576864 0.420165 0.808885 hargrave 2019-10-31 05:48:00 
AF 950 339.9  48.6 339.9  48.6 1.43E-03 000.4 128.4  38.2 0.509506 0.445856 0.825105 hargrave 2019-10-31 05:49:20 
AF1000 340.1  48.5 340.1  48.5 1.37E-03 000.4 128.3  38.1 0.498929 0.428531 0.784977 hargrave 2019-10-31 05:50:40 
AF1050 341.7  47.9 341.7  47.9 1.37E-03 000.4 127.7  36.9 0.516836 0.428560 0.783371 hargrave 2019-10-31 05:52:01 
AF1100 342.8  48.2 342.8  48.2 1.26E-03 000.4 128.4  36.3 0.432926 0.424010 0.757478 hargrave 2019-10-31 05:53:21 
AF1150 343.6  46.9 343.6  46.9 1.28E-03 000.4 127.0  35.4 0.446288 0.504335 0.772210 hargrave 2019-10-31 05:54:42 
AF1200 344.7  47.8 344.7  47.8 1.23E-03 000.4 128.2  34.9 0.396319 0.390485 0.760718 hargrave 2019-10-31 05:56:04 
AF1250 345.7  48.1 345.7  48.1 1.16E-03 000.4 128.8  34.3 0.375697 0.419021 0.715515 hargrave 2019-10-31 05:57:25 
AF1300 349.3  46.3 349.3  46.3 1.17E-03 000.4 127.6  31.5 0.384810 0.433304 0.749502 hargrave 2019-10-31 05:58:48 
