FC1- 3a sun compass orientation
      0   8.4  66.0   0.0   0.0   1.0
NRM    316.3  62.4 316.3  62.4 9.48E-03 000.4 156.7  44.0 3.141279 4.044823 4.434329 hargrave 2019-10-31 01:34:12 
AF  10 315.1  60.5 315.1  60.5 9.18E-03 000.4 155.1  45.6 3.353797 3.258124 4.424817 hargrave 2019-10-31 01:35:31 
AF  20 310.1  54.5 310.1  54.5 8.86E-03 000.4 150.6  51.5 3.432285 3.141461 3.615670 hargrave 2019-10-31 01:36:51 
AF  30 306.2  48.9 306.2  48.9 8.64E-03 000.3 145.8  56.9 3.475580 3.022485 2.877923 hargrave 2019-10-31 01:38:11 
AF  40 304.2  44.4 304.2  44.4 8.32E-03 000.3 140.6  60.7 3.353836 2.782335 2.234664 hargrave 2019-10-31 01:39:30 
AF  50 303.1  42.6 303.1  42.6 7.93E-03 000.3 138.3  62.4 3.227957 2.601737 1.981525 hargrave 2019-10-31 01:40:49 
AF  60 302.4  41.2 302.4  41.2 7.49E-03 000.3 136.4  63.6 3.062903 2.490037 1.673349 hargrave 2019-10-31 01:42:09 
AF  70 302.3  40.6 302.3  40.6 7.03E-03 000.3 135.4  64.0 2.863081 2.313454 1.474359 hargrave 2019-10-31 01:43:28 
AF  80 302.3  39.7 302.3  39.7 6.60E-03 000.3 133.6  64.5 2.674618 2.198676 1.309064 hargrave 2019-10-31 01:45:38 
AF  90 302.2  39.6 302.2  39.6 6.14E-03 000.3 133.5  64.6 2.507783 2.045754 1.203548 hargrave 2019-10-31 01:46:58 
AF 100 302.1  39.6 302.1  39.6 5.74E-03 000.3 133.6  64.7 2.334643 1.922901 1.118512 hargrave 2019-10-31 01:48:18 
AF 120 302.3  39.3 302.3  39.3 5.07E-03 000.3 132.9  64.7 2.056767 1.711260 0.975885 hargrave 2019-10-31 01:49:38 
AF 140 303.0  38.3 303.0  38.3 4.50E-03 000.3 130.2  64.7 1.713224 1.438122 0.904313 hargrave 2019-10-31 01:50:57 
AF 160 303.5  39.8 303.5  39.8 4.00E-03 000.3 132.7  63.6 1.537143 1.228954 0.880148 hargrave 2019-10-31 01:52:17 
AF 180 304.7  38.6 304.7  38.6 3.66E-03 000.3 129.5  63.4 1.331837 1.224795 0.821795 hargrave 2019-10-31 01:53:36 
AF 200 304.9  38.6 304.9  38.6 3.21E-03 000.3 129.4  63.2 1.121161 1.002139 0.733691 hargrave 2019-10-31 01:54:56 
AF 220 303.7  37.8 303.7  37.8 2.91E-03 000.3 128.6  64.4 1.043252 0.962212 0.615770 hargrave 2019-10-31 01:56:16 
AF 240 305.3  37.4 305.3  37.4 2.61E-03 000.3 126.6  63.4 0.915453 0.806843 0.577543 hargrave 2019-10-31 01:57:35 
AF 260 304.5  37.3 304.5  37.3 2.34E-03 000.3 127.0  64.0 0.863654 0.801346 0.507655 hargrave 2019-10-31 01:58:55 
AF 280 305.1  36.1 305.1  36.1 2.18E-03 000.3 124.0  64.0 0.672260 0.744579 0.497260 hargrave 2019-10-31 02:00:15 
AF 300 303.6  37.8 303.6  37.8 1.91E-03 000.3 128.7  64.5 0.620184 0.595860 0.418483 hargrave 2019-10-31 02:01:35 
AF 320 304.3  36.7 304.3  36.7 1.77E-03 000.3 125.8  64.4 0.511582 0.543508 0.412927 hargrave 2019-10-31 02:02:55 
AF 340 308.3  37.2 308.3  37.2 1.68E-03 000.3 124.4  61.2 0.453966 0.486527 0.482113 hargrave 2019-10-31 02:04:14 
AF 360 308.2  36.8 308.2  36.8 1.57E-03 000.3 123.6  61.4 0.416552 0.490255 0.467697 hargrave 2019-10-31 02:05:34 
AF 380 305.6  39.7 305.6  39.7 1.47E-03 000.3 131.0  62.2 0.352210 0.484886 0.415406 hargrave 2019-10-31 02:06:54 
AF 400 307.4  39.3 307.4  39.3 1.48E-03 000.3 129.1  61.1 0.424194 0.481166 0.421776 hargrave 2019-10-31 02:08:13 
AF 420 306.6  38.7 306.6  38.7 1.30E-03 000.3 128.4  61.9 0.327328 0.447553 0.381796 hargrave 2019-10-31 02:09:33 
AF 440 307.9  37.8 307.9  37.8 1.35E-03 000.3 125.8  61.3 0.319189 0.381325 0.398405 hargrave 2019-10-31 02:10:52 
AF 460 309.9  38.7 309.9  38.7 1.13E-03 000.2 126.3  59.6 0.190632 0.244956 0.316710 hargrave 2019-10-31 02:12:12 
AF 480 310.0  40.2 310.0  40.2 1.19E-03 000.3 129.1  59.0 0.215733 0.336881 0.395369 hargrave 2019-10-31 02:13:31 
AF 500 304.6  40.4 304.6  40.4 1.10E-03 000.3 133.1  62.6 0.260623 0.310509 0.326331 hargrave 2019-10-31 02:14:51 
AF 540 305.8  41.1 305.8  41.1 1.06E-03 000.2 133.4  61.5 0.218333 0.312965 0.318618 hargrave 2019-10-31 02:16:11 
AF 580 308.9  43.7 308.9  43.7 1.06E-03 000.3 135.9  58.2 0.238073 0.362401 0.430303 hargrave 2019-10-31 02:17:31 
AF 620 309.3  38.7 309.3  38.7 9.06E-04 000.3 126.7  60.0 0.148688 0.363712 0.304246 hargrave 2019-10-31 02:18:50 
AF 660 304.9  44.5 304.9  44.5 8.00E-04 000.2 140.1  60.2 0.115063 0.162857 0.227512 hargrave 2019-10-31 02:20:10 
AF 700 303.9  45.8 303.9  45.8 7.62E-04 000.2 143.1  60.0 0.117045 0.197272 0.273389 hargrave 2019-10-31 02:21:29 
AF 740 296.6  49.3 296.6  49.3 6.84E-04 000.3 155.2  61.0 0.127443 0.220573 0.255272 hargrave 2019-10-31 02:22:49 
AF 780 298.2  45.8 298.2  45.8 6.45E-04 000.2 148.7  63.0 0.153245 0.185859 0.221269 hargrave 2019-10-31 02:24:08 
AF 820 309.5  50.2 309.5  50.2 5.99E-04 000.3 145.4  54.4 0.149570 0.180555 0.270033 hargrave 2019-10-31 02:25:28 
AF 860 311.8  47.5 311.8  47.5 5.78E-04 000.3 140.1  54.6 0.119389 0.201768 0.229385 hargrave 2019-10-31 02:26:48 
AF 900 297.2  57.0 297.2  57.0 5.63E-04 000.2 162.5  54.3 0.072204 0.156514 0.283122 hargrave 2019-10-31 02:28:08 
AF 950 293.1  63.0 293.1  63.0 4.33E-04 000.3 169.7  49.8 0.184451 0.169193 0.201470 hargrave 2019-10-31 02:29:29 
AF1000 300.1  52.6 300.1  52.6 3.81E-04 000.3 155.7  57.0 0.164341 0.120230 0.145553 hargrave 2019-10-31 02:30:49 
AF1050 300.4  52.2 300.4  52.2 3.07E-04 000.4 154.9  57.2 0.200943 0.119280 0.093184 hargrave 2019-10-31 02:32:09 
AF1100 293.9  60.5 293.9  60.5 3.34E-04 000.3 167.6  52.0 0.246047 0.127362 0.141507 hargrave 2019-10-31 02:33:29 
AF1150 299.1  49.4 299.1  49.4 2.85E-04 000.4 152.7  59.9 0.214722 0.104989 0.095806 hargrave 2019-10-31 02:34:50 
AF1200 314.9  48.9 314.9  48.9 2.24E-04 000.6 140.4  52.1 0.261793 0.128828 0.124771 hargrave 2019-10-31 02:36:11 
AF1250 272.0  61.7 272.0  61.7 2.52E-04 000.4 184.9  52.0 0.272857 0.052953 0.071320 hargrave 2019-10-31 02:37:33 
AF1300 225.7  74.3 225.7  74.3 1.39E-04 000.8 194.8  32.8 0.367430 0.087717 0.041710 hargrave 2019-10-31 02:38:55 
