FC1- 7a sun compass orientation
      0  12.1  62.0   0.0   0.0   1.0
NRM    308.0  34.3 308.0  34.3 1.57E-02 000.4 112.5  67.0 7.805556 7.601539 5.316689 hargrave 2019-10-31 06:00:10 
AF  10 306.8  32.5 306.8  32.5 1.55E-02 000.5 107.9  68.3 8.686969 8.075711 4.761600 hargrave 2019-10-31 06:01:30 
AF  20 304.0  27.7 304.0  27.7 1.57E-02 000.5 094.1  70.7 9.482711 8.058911 4.710738 hargrave 2019-10-31 06:02:49 
AF  30 302.1  24.3 302.1  24.3 1.58E-02 000.5 083.1  71.7 9.718988 8.050490 4.726483 hargrave 2019-10-31 06:04:09 
AF  40 301.2  22.3 301.2  22.3 1.54E-02 000.5 076.0  71.8 9.359827 7.755860 4.895726 hargrave 2019-10-31 06:05:28 
AF  50 300.8  21.3 300.8  21.3 1.48E-02 000.5 072.8  71.8 9.020717 7.370426 4.579514 hargrave 2019-10-31 06:06:47 
AF  60 300.7  20.6 300.7  20.6 1.41E-02 000.5 070.6  71.5 8.576174 6.928611 4.429254 hargrave 2019-10-31 06:08:07 
AF  70 300.6  20.2 300.6  20.2 1.33E-02 000.5 069.3  71.4 7.973367 6.503165 4.198587 hargrave 2019-10-31 06:09:26 
AF  80 300.7  20.2 300.7  20.2 1.24E-02 000.5 069.3  71.4 7.523823 5.999916 4.196694 hargrave 2019-10-31 06:11:35 
AF  90 300.6  20.3 300.6  20.3 1.15E-02 000.5 069.4  71.5 6.981925 5.541745 3.658935 hargrave 2019-10-31 06:12:55 
AF 100 300.8  20.5 300.8  20.5 1.06E-02 000.5 070.2  71.4 6.309623 5.169664 3.327035 hargrave 2019-10-31 06:14:14 
AF 120 300.7  21.1 300.7  21.1 9.10E-03 000.5 071.8  71.7 5.345104 4.445767 2.816415 hargrave 2019-10-31 06:15:34 
AF 140 301.3  22.3 301.3  22.3 7.66E-03 000.5 076.2  71.8 4.483935 3.836052 2.345458 hargrave 2019-10-31 06:16:53 
AF 160 301.0  23.6 301.0  23.6 6.44E-03 000.5 079.8  72.4 3.725258 3.243258 1.871515 hargrave 2019-10-31 06:18:13 
AF 180 300.6  25.5 300.6  25.5 5.44E-03 000.5 085.8  73.3 3.036675 2.739382 1.499717 hargrave 2019-10-31 06:19:33 
AF 200 301.1  28.1 301.1  28.1 4.57E-03 000.5 094.7  73.2 2.546935 2.417664 1.221427 hargrave 2019-10-31 06:21:41 
AF 220 300.0  30.4 300.0  30.4 3.87E-03 000.4 103.1  74.2 2.051199 2.050443 0.921725 hargrave 2019-10-31 06:23:01 
AF 240 299.4  33.8 299.4  33.8 3.25E-03 000.4 115.6  74.1 1.658581 1.770846 0.751740 hargrave 2019-10-31 06:24:20 
AF 260 299.4  37.1 299.4  37.1 2.78E-03 000.4 126.4  72.9 1.271414 1.505102 0.637871 hargrave 2019-10-31 06:25:40 
AF 280 296.3  42.0 296.3  42.0 2.37E-03 000.4 144.2  71.9 0.989094 1.244241 0.480140 hargrave 2019-10-31 06:27:00 
AF 300 296.3  47.4 296.3  47.4 2.12E-03 000.4 154.0  67.7 0.703822 1.101249 0.583808 hargrave 2019-10-31 06:28:19 
AF 320 296.2  50.3 296.2  50.3 1.86E-03 000.5 158.1  65.3 0.648839 1.344720 0.568262 hargrave 2019-10-31 06:29:39 
AF 340 290.1  58.4 290.1  58.4 1.59E-03 000.4 171.8  59.1 0.420302 0.846784 0.552968 hargrave 2019-10-31 06:30:59 
AF 360 286.6  62.6 286.6  62.6 1.53E-03 000.4 176.4  55.3 0.334835 0.884887 0.636857 hargrave 2019-10-31 06:32:18 
AF 380 289.3  67.2 289.3  67.2 1.37E-03 000.4 175.6  50.6 0.293283 0.731599 0.604312 hargrave 2019-10-31 06:33:38 
AF 400 277.8  72.5 277.8  72.5 1.32E-03 000.4 181.8  45.5 0.302895 0.733486 0.681239 hargrave 2019-10-31 06:34:58 
AF 420 281.9  73.9 281.9  73.9 1.20E-03 000.4 180.1  44.1 0.254229 0.629342 0.600488 hargrave 2019-10-31 06:36:17 
AF 440 269.8  78.0 269.8  78.0 1.23E-03 000.3 183.3  39.7 0.716622 0.586007 0.676830 hargrave 2019-10-31 06:37:37 
AF 460 237.3  79.3 237.3  79.3 1.17E-03 000.4 189.2  35.3 0.251960 0.637395 0.769621 hargrave 2019-10-31 06:38:57 
AF 480 227.2  82.2 227.2  82.2 1.09E-03 000.4 187.6  32.3 0.346859 0.527033 0.746640 hargrave 2019-10-31 06:40:17 
AF 500 192.3  82.7 192.3  82.7 1.10E-03 000.5 188.3  27.8 0.298538 0.587551 0.776241 hargrave 2019-10-31 06:41:37 
AF 540 158.4  79.4 158.4  79.4 1.12E-03 000.5 189.5  21.8 0.310516 0.614709 0.819721 hargrave 2019-10-31 06:43:46 
AF 580 136.3  73.5 136.3  73.5 1.04E-03 000.5 189.5  14.1 0.467000 0.412098 0.831102 hargrave 2019-10-31 06:45:05 
AF 620 137.5  64.9 137.5  64.9 1.03E-03 000.5 194.3  06.9 0.494040 0.353033 0.861370 hargrave 2019-10-31 06:46:25 
AF 660 134.8  58.0 134.8  58.0 9.76E-04 000.6 196.6  00.2 0.559736 0.317548 0.888322 hargrave 2019-10-31 06:47:45 
AF 700 133.8  54.9 133.8  54.9 1.01E-03 000.5 197.6 -02.8 0.669460 0.181807 0.870854 hargrave 2019-10-31 06:49:04 
AF 740 130.7  49.0 130.7  49.0 1.01E-03 000.6 198.5 -08.9 0.613117 0.335031 0.865671 hargrave 2019-10-31 06:51:13 
AF 780 131.1  40.8 131.1  40.8 1.11E-03 000.6 202.5 -16.1 0.775167 0.265519 0.951228 hargrave 2019-10-31 06:52:34 
AF 820 128.0  37.7 128.0  37.7 1.11E-03 000.6 201.6 -20.0 0.652214 0.301341 0.935018 hargrave 2019-10-31 06:53:53 
AF 860 127.6  32.7 127.6  32.7 1.09E-03 000.7 203.5 -24.7 0.892815 0.313540 0.896338 hargrave 2019-10-31 06:55:13 
AF 900 125.9  29.5 125.9  29.5 1.10E-03 000.6 203.5 -28.1 0.753015 0.250817 0.890304 hargrave 2019-10-31 06:56:33 
AF 950 124.6  26.3 124.6  26.3 1.24E-03 000.6 203.7 -31.6 0.898237 0.266442 1.006923 hargrave 2019-10-31 06:57:54 
AF1000 126.2  21.5 126.2  21.5 1.20E-03 000.6 207.7 -35.4 0.897153 0.319534 0.960250 hargrave 2019-10-31 06:59:14 
AF1050 125.7  19.1 125.7  19.1 1.27E-03 000.7 208.5 -37.7 1.063135 0.359565 1.014483 hargrave 2019-10-31 07:00:34 
AF1100 123.9  15.5 123.9  15.5 1.26E-03 000.6 208.6 -41.6 1.030442 0.345403 0.954564 hargrave 2019-10-31 07:01:54 
AF1150 124.3  12.4 124.3  12.4 1.34E-03 000.6 211.0 -44.2 1.028334 0.363602 0.958315 hargrave 2019-10-31 07:03:15 
AF1200 121.5  11.0 121.5  11.0 1.34E-03 000.6 208.4 -46.7 1.124378 0.411181 0.945469 hargrave 2019-10-31 07:04:37 
AF1250 125.2  07.8 125.2  07.8 1.40E-03 000.6 215.4 -47.8 1.133453 0.434659 0.915449 hargrave 2019-10-31 07:05:59 
AF1300 124.0  07.0 124.0  07.0 1.39E-03 000.6 214.4 -49.1 1.111579 0.404534 0.895570 hargrave 2019-10-31 07:07:22 
