FC1- 2a sun compass orientation
      0  16.0  57.0   0.0   0.0   1.0
NRM    306.7  40.5 306.7  40.5 6.66E-03 000.4 120.4  71.9 3.563169 2.572801 1.853610 hargrave 2019-10-31 12:35:19
AF  10 305.8  38.3 305.8  38.3 6.59E-03 000.4 114.0  73.1 3.189869 2.628466 1.880537 hargrave 2019-10-31 12:36:38
AF  20 303.3  32.8 303.3  32.8 6.67E-03 000.4 093.9  75.5 3.460420 2.886224 2.747670 hargrave 2019-10-31 12:37:58
AF  30 301.3  28.6 301.3  28.6 6.77E-03 000.4 075.6  76.2 3.771417 3.231763 3.169762 hargrave 2019-10-31 12:39:17
AF  40 300.4  26.1 300.4  26.1 6.64E-03 000.5 064.8  75.7 3.812364 3.273307 3.253844 hargrave 2019-10-31 12:40:37
AF  50 300.1  24.9 300.1  24.9 6.40E-03 000.5 060.5  75.3 3.784885 3.308171 3.428129 hargrave 2019-10-31 12:41:56
AF  60 300.1  24.1 300.1  24.1 6.12E-03 000.5 058.1  74.8 3.631258 3.184593 3.371143 hargrave 2019-10-31 12:43:16
AF  70 300.1  23.8 300.1  23.8 5.77E-03 000.5 056.9  74.6 3.475672 3.003419 3.145932 hargrave 2019-10-31 12:44:35
AF  80 300.5  23.4 300.5  23.4 5.39E-03 000.5 056.6  74.0 3.278838 2.819012 2.919102 hargrave 2019-10-31 12:45:55
AF  90 300.5  23.6 300.5  23.6 5.03E-03 000.5 057.4  74.2 2.986317 2.563381 2.693357 hargrave 2019-10-31 12:47:15
AF 100 300.6  23.5 300.6  23.5 4.69E-03 000.5 057.3  74.0 2.818595 2.325687 2.511551 hargrave 2019-10-31 12:48:34
AF 120 301.1  24.6 301.1  24.6 4.13E-03 000.5 061.5  74.3 2.399748 1.948698 2.144902 hargrave 2019-10-31 12:49:54
AF 140 302.0  24.9 302.0  24.9 3.66E-03 000.5 064.2  73.8 2.151472 1.739973 1.828877 hargrave 2019-10-31 12:51:13
AF 160 302.2  25.8 302.2  25.8 3.29E-03 000.5 067.1  74.2 1.935809 1.571910 1.613376 hargrave 2019-10-31 12:52:33
AF 180 303.1  27.4 303.1  27.4 2.99E-03 000.5 073.8  74.3 1.715749 1.380560 1.376104 hargrave 2019-10-31 12:53:52
AF 200 303.3  27.6 303.3  27.6 2.72E-03 000.5 074.9  74.1 1.562489 1.274198 1.276203 hargrave 2019-10-31 12:55:12
AF 220 304.4  29.4 304.4  29.4 2.49E-03 000.4 081.8  73.9 1.358180 1.149444 1.077817 hargrave 2019-10-31 12:56:32
AF 240 303.5  30.7 303.5  30.7 2.32E-03 000.4 086.0  75.0 1.222284 1.010278 0.982242 hargrave 2019-10-31 12:57:52
AF 260 306.2  32.2 306.2  32.2 2.14E-03 000.4 092.9  73.0 1.105083 0.944806 0.799756 hargrave 2019-10-31 12:59:12
AF 280 306.8  32.2 306.8  32.2 1.99E-03 000.4 093.1  72.5 0.955290 0.882131 0.766493 hargrave 2019-10-31 13:00:32
AF 300 306.0  31.9 306.0  31.9 1.87E-03 000.4 091.7  73.1 0.941810 0.778100 0.740308 hargrave 2019-10-31 13:01:52
AF 320 306.4  33.4 306.4  33.4 1.79E-03 000.4 097.1  72.9 0.810998 0.736471 0.679254 hargrave 2019-10-31 13:03:11
AF 340 307.2  33.6 307.2  33.6 1.68E-03 000.4 097.7  72.3 0.744541 0.725453 0.636662 hargrave 2019-10-31 13:04:31
AF 360 309.3  35.6 309.3  35.6 1.60E-03 000.4 104.3  70.6 0.709583 0.724568 0.489960 hargrave 2019-10-31 13:05:51
AF 380 307.7  34.9 307.7  34.9 1.54E-03 000.4 102.0  72.0 0.721699 0.713557 0.549593 hargrave 2019-10-31 13:07:11
AF 400 308.9  36.6 308.9  36.6 1.47E-03 000.4 107.2  70.9 0.634100 0.618927 0.496383 hargrave 2019-10-31 13:08:30
AF 420 308.9  36.2 308.9  36.2 1.42E-03 000.4 106.1  70.9 0.562234 0.661297 0.455517 hargrave 2019-10-31 13:09:50
AF 440 308.4  38.1 308.4  38.1 1.34E-03 000.4 112.1  71.2 0.508894 0.661260 0.422195 hargrave 2019-10-31 13:11:10
AF 460 311.1  39.4 311.1  39.4 1.27E-03 000.4 114.7  68.8 0.428178 0.675174 0.326179 hargrave 2019-10-31 13:12:29
AF 480 310.0  37.1 310.0  37.1 1.22E-03 000.3 108.5  70.0 0.440827 0.531480 0.324874 hargrave 2019-10-31 13:13:50
AF 500 311.0  38.0 311.0  38.0 1.22E-03 000.3 111.0  69.1 0.406934 0.610030 0.335186 hargrave 2019-10-31 13:15:09
AF 540 312.1  39.4 312.1  39.4 1.11E-03 000.4 114.4  68.1 0.329773 0.604972 0.262662 hargrave 2019-10-31 13:16:29
AF 580 309.7  40.7 309.7  40.7 1.05E-03 000.4 118.9  69.7 0.313070 0.577008 0.295697 hargrave 2019-10-31 13:17:49
AF 620 309.4  40.8 309.4  40.8 1.00E-03 000.4 119.5  69.8 0.238697 0.603284 0.284520 hargrave 2019-10-31 13:19:08
AF 660 309.9  40.7 309.9  40.7 9.33E-04 000.4 118.9  69.5 0.198831 0.685018 0.264652 hargrave 2019-10-31 13:20:28
AF 700 311.6  41.0 311.6  41.0 8.54E-04 000.4 118.9  68.1 0.189801 0.556371 0.214733 hargrave 2019-10-31 13:21:47
AF 740 312.4  43.8 312.4  43.8 7.81E-04 000.4 125.4  66.8 0.161001 0.559806 0.160031 hargrave 2019-10-31 13:23:07
AF 780 311.8  42.6 311.8  42.6 7.32E-04 000.5 122.7  67.6 0.105277 0.615991 0.204024 hargrave 2019-10-31 13:24:27
AF 820 310.7  41.9 310.7  41.9 6.70E-04 000.5 121.5  68.5 0.109111 0.614235 0.170044 hargrave 2019-10-31 13:25:46
AF 860 309.0  44.0 309.0  44.0 6.28E-04 000.5 128.2  69.0 0.113916 0.544301 0.190615 hargrave 2019-10-31 13:27:08
AF 900 308.7  47.7 308.7  47.7 5.74E-04 000.5 137.4  67.4 0.120677 0.486036 0.165058 hargrave 2019-10-31 13:28:28
AF 950 309.5  44.9 309.5  44.9 5.51E-04 000.6 130.2  68.3 0.115233 0.525039 0.174909 hargrave 2019-10-31 13:29:48
AF1000 312.8  40.3 312.8  40.3 5.01E-04 000.6 116.6  67.4 0.149391 0.536626 0.180795 hargrave 2019-10-31 13:31:08
AF1050 313.8  39.5 313.8  39.5 4.74E-04 000.7 114.3  66.8 0.132347 0.635975 0.176780 hargrave 2019-10-31 13:32:28
AF1100 307.2  37.2 307.2  37.2 4.76E-04 000.5 109.5  72.2 0.163331 0.417338 0.277765 hargrave 2019-10-31 13:33:49
AF1150 309.1  39.3 309.1  39.3 3.86E-04 000.9 115.2  70.4 0.259348 0.598879 0.158688 hargrave 2019-10-31 13:35:10
AF1200 319.8  32.6 319.8  32.6 3.74E-04 000.7 098.7  61.7 0.114936 0.583578 0.224431 hargrave 2019-10-31 13:36:31
AF1250 312.3  26.8 312.3  26.8 3.51E-04 001.0 081.8  66.4 0.180078 0.625546 0.279700 hargrave 2019-10-31 13:37:52
AF1300 295.8  25.5 295.8  25.5 2.97E-04 000.8 051.5  78.6 0.182604 0.361780 0.295067 hargrave 2019-10-31 13:39:15
