FC1- 4a sun compass orientation
      0   8.3  48.0   0.0   0.0   1.0
NRM    307.3  38.7 307.3  38.7 1.06E-02 000.5 091.1  67.8 6.434272 6.674753 3.459925 hargrave 2019-10-31 02:40:24 
AF  10 306.9  37.5 306.9  37.5 1.06E-02 000.5 088.0  67.7 6.137308 6.235493 3.269706 hargrave 2019-10-31 02:41:45 
AF  20 305.6  34.6 305.6  34.6 1.06E-02 000.5 079.8  67.5 6.095967 6.143316 3.337101 hargrave 2019-10-31 02:43:05 
AF  30 304.6  32.3 304.6  32.3 1.07E-02 000.5 073.6  67.1 5.717457 6.050690 3.746414 hargrave 2019-10-31 02:44:24 
AF  40 304.1  31.0 304.1  31.0 1.05E-02 000.5 070.2  66.7 5.856214 5.939785 3.774045 hargrave 2019-10-31 02:45:44 
AF  50 303.9  30.3 303.9  30.3 1.03E-02 000.5 068.6  66.4 5.740924 5.865235 3.691196 hargrave 2019-10-31 02:47:04 
AF  60 303.3  29.9 303.3  29.9 9.93E-03 000.5 066.9  66.5 5.590483 5.797843 3.612658 hargrave 2019-10-31 02:48:23 
AF  70 303.0  29.6 303.0  29.6 9.52E-03 000.5 066.1  66.6 5.316492 5.600702 3.425265 hargrave 2019-10-31 02:49:43 
AF  80 302.8  29.6 302.8  29.6 9.02E-03 000.5 065.8  66.8 5.096630 5.246010 3.526078 hargrave 2019-10-31 02:51:02 
AF  90 302.3  29.7 302.3  29.7 8.49E-03 000.5 065.2  67.1 4.798482 5.068476 3.047609 hargrave 2019-10-31 02:52:22 
AF 100 302.0  29.6 302.0  29.6 7.96E-03 000.5 064.7  67.2 4.468951 4.798244 2.847928 hargrave 2019-10-31 02:53:42 
AF 120 301.5  29.3 301.5  29.3 6.99E-03 000.5 063.4  67.4 4.010207 4.203760 2.628035 hargrave 2019-10-31 02:55:52 
AF 140 301.0  29.5 301.0  29.5 6.08E-03 000.5 063.0  67.9 3.539134 3.714928 2.343008 hargrave 2019-10-31 02:57:12 
AF 160 301.1  29.5 301.1  29.5 5.30E-03 000.5 063.2  67.8 3.172284 3.249938 2.141125 hargrave 2019-10-31 02:58:32 
AF 180 301.3  29.7 301.3  29.7 4.63E-03 000.5 063.9  67.8 2.844582 2.902020 1.968311 hargrave 2019-10-31 03:01:29 
AF 200 299.9  30.5 299.9  30.5 3.99E-03 000.6 063.5  69.2 2.568676 2.600305 1.697551 hargrave 2019-10-31 03:02:48 
AF 220 299.4  31.0 299.4  31.0 3.49E-03 000.6 063.6  69.8 2.338014 2.335475 1.531718 hargrave 2019-10-31 03:04:08 
AF 240 298.3  31.8 298.3  31.8 3.11E-03 000.6 064.0  71.1 2.160866 2.146553 1.429951 hargrave 2019-10-31 03:05:28 
AF 260 297.4  32.9 297.4  32.9 2.73E-03 000.7 065.3  72.4 2.058631 2.068944 1.239113 hargrave 2019-10-31 03:06:47 
AF 280 297.6  33.9 297.6  33.9 2.45E-03 000.6 068.3  72.8 1.847742 1.735019 1.140543 hargrave 2019-10-31 03:08:07 
AF 300 294.4  35.3 294.4  35.3 2.25E-03 000.7 067.3  75.8 1.740341 1.775052 1.046124 hargrave 2019-10-31 03:09:27 
AF 320 294.8  36.5 294.8  36.5 2.03E-03 000.7 071.9  76.1 1.719838 1.668330 0.935556 hargrave 2019-10-31 03:10:46 
AF 340 294.2  38.0 294.2  38.0 1.87E-03 000.7 077.2  77.2 1.611523 1.558180 0.833368 hargrave 2019-10-31 03:12:06 
AF 360 292.4  37.3 292.4  37.3 1.75E-03 000.7 071.2  78.2 1.542222 1.532666 0.839282 hargrave 2019-10-31 03:13:26 
AF 380 291.2  38.5 291.2  38.5 1.70E-03 000.8 074.7  79.5 1.575248 1.486614 0.778133 hargrave 2019-10-31 03:14:45 
AF 400 289.5  39.1 289.5  39.1 1.59E-03 000.8 075.0  81.0 1.463858 1.475226 0.755231 hargrave 2019-10-31 03:16:05 
AF 420 290.4  39.8 290.4  39.8 1.50E-03 000.8 080.5  80.6 1.440409 1.271852 0.706509 hargrave 2019-10-31 03:17:24 
AF 440 289.7  38.9 289.7  38.9 1.46E-03 000.8 073.9  80.8 1.382649 1.324388 0.729723 hargrave 2019-10-31 03:18:44 
AF 460 287.9  41.1 287.9  41.1 1.38E-03 000.8 085.9  82.7 1.364499 1.212421 0.667475 hargrave 2019-10-31 03:20:03 
AF 480 287.4  41.1 287.4  41.1 1.33E-03 000.8 085.4  83.1 1.336356 1.284114 0.609606 hargrave 2019-10-31 03:21:23 
AF 500 285.2  42.8 285.2  42.8 1.27E-03 000.9 101.1  84.9 1.397708 1.254156 0.549044 hargrave 2019-10-31 03:22:42 
AF 540 287.0  42.1 287.0  42.1 1.19E-03 000.8 094.1  83.5 1.240128 1.121308 0.568868 hargrave 2019-10-31 03:24:02 
AF 580 285.2  41.3 285.2  41.3 1.11E-03 000.9 084.3  84.8 1.324417 1.103585 0.579411 hargrave 2019-10-31 03:25:21 
AF 620 283.1  42.7 283.1  42.7 9.89E-04 000.9 102.7  86.4 1.130259 1.006797 0.513848 hargrave 2019-10-31 03:26:41 
AF 660 283.2  45.4 283.2  45.4 9.29E-04 000.9 135.6  85.1 1.140621 0.904614 0.446732 hargrave 2019-10-31 03:28:00 
AF 700 279.9  45.3 279.9  45.3 8.44E-04 000.9 161.0  86.5 1.043443 0.847904 0.436440 hargrave 2019-10-31 03:29:20 
AF 740 279.0  45.1 279.0  45.1 8.06E-04 001.0 170.8  86.9 1.051845 0.978899 0.492227 hargrave 2019-10-31 03:30:40 
AF 780 277.6  47.8 277.6  47.8 7.34E-04 000.9 184.6  84.2 0.929293 0.822346 0.387683 hargrave 2019-10-31 03:31:59 
AF 820 273.6  47.5 273.6  47.5 7.08E-04 001.0 209.7  83.5 0.953488 0.839598 0.430652 hargrave 2019-10-31 03:33:19 
AF 860 272.9  47.6 272.9  47.6 5.83E-04 001.0 212.6  83.2 0.838687 0.658974 0.384442 hargrave 2019-10-31 03:34:40 
AF 900 266.3  52.9 266.3  52.9 5.62E-04 001.0 212.3  76.5 0.854392 0.594371 0.254152 hargrave 2019-10-31 03:35:59 
AF 950 274.0  47.3 274.0  47.3 4.80E-04 001.1 208.8  83.9 0.765950 0.532758 0.376178 hargrave 2019-10-31 03:37:19 
AF1000 263.3  51.1 263.3  51.1 4.11E-04 001.1 223.1  76.3 0.718033 0.475862 0.304139 hargrave 2019-10-31 03:38:39 
AF1050 260.1  50.4 260.1  50.4 3.49E-04 001.3 229.8  74.9 0.702265 0.575545 0.293718 hargrave 2019-10-31 03:40:00 
AF1100 250.6  46.1 250.6  46.1 3.08E-04 001.3 248.7  69.8 0.595489 0.554238 0.331594 hargrave 2019-10-31 03:41:20 
AF1150 226.8  48.9 226.8  48.9 2.86E-04 001.3 241.0  54.0 0.648686 0.600882 0.272884 hargrave 2019-10-31 03:42:41 
AF1200 225.1  42.6 225.1  42.6 2.63E-04 001.2 250.6  51.3 0.546784 0.541328 0.269827 hargrave 2019-10-31 03:44:02 
AF1250 218.4  46.5 218.4  46.5 1.45E-04 002.1 242.7  47.9 0.612659 0.434083 0.263128 hargrave 2019-10-31 03:45:23 
AF1300 235.5  41.5 235.5  41.5 1.72E-04 002.1 256.3  58.4 0.560626 0.570298 0.335836 hargrave 2019-10-31 03:46:46 
