FC4- 1a mag compass orientation (IGRF corrected)
      0  96.1  55.0   0.0   0.0   1.0
NRM    317.3 -07.1 317.3 -07.1 2.96E-02 000.5 302.5  27.6 8.514395 12.64752 20.23781 hargrave 2019-10-31 15:20:52 
AF  10 317.2 -07.0 317.2 -07.0 2.94E-02 000.5 302.4  27.7 7.750610 14.20880 20.85803 hargrave 2019-10-31 15:22:11 
AF  20 317.2 -06.8 317.2 -06.8 2.89E-02 000.5 302.2  27.9 6.902148 14.40885 20.49971 hargrave 2019-10-31 15:23:31 
AF  30 317.4 -06.4 317.4 -06.4 2.81E-02 000.5 302.0  28.2 6.787397 13.94627 19.70194 hargrave 2019-10-31 15:24:50 
AF  40 317.6 -05.7 317.6 -05.7 2.69E-02 000.5 301.7  28.9 6.101950 13.49334 18.63953 hargrave 2019-10-31 15:26:09 
AF  50 317.7 -05.1 317.7 -05.1 2.58E-02 000.5 301.3  29.4 6.366099 12.80406 17.93671 hargrave 2019-10-31 15:27:29 
AF  60 317.8 -04.3 317.8 -04.3 2.45E-02 000.5 300.7  30.1 5.831469 12.33511 17.17701 hargrave 2019-10-31 15:28:49 
AF  70 317.8 -03.4 317.8 -03.4 2.32E-02 000.5 300.0  30.6 5.609838 11.61766 16.16639 hargrave 2019-10-31 15:30:09 
AF  80 317.6 -02.4 317.6 -02.4 2.19E-02 000.5 298.9  31.2 5.066291 10.83639 15.31139 hargrave 2019-10-31 15:31:29 
AF  90 317.3 -01.3 317.3 -01.3 2.06E-02 000.5 297.8  31.7 5.987136 11.20986 14.38591 hargrave 2019-10-31 15:32:48 
AF 100 316.9 -00.2 316.9 -00.2 1.93E-02 000.5 296.5  32.2 4.479379 9.655321 14.12920 hargrave 2019-10-31 15:34:08 
AF 120 316.1  02.1 316.1  02.1 1.72E-02 000.5 293.9  33.2 3.964753 8.697254 12.10592 hargrave 2019-10-31 15:35:28 
AF 140 315.2  04.5 315.2  04.5 1.53E-02 000.5 291.0  34.0 3.611655 7.724287 10.75598 hargrave 2019-10-31 15:36:48 
AF 160 314.2  06.8 314.2  06.8 1.37E-02 000.5 288.0  34.7 3.214020 6.997924 9.607984 hargrave 2019-10-31 15:38:07 
AF 180 313.3  08.9 313.3  08.9 1.24E-02 000.5 285.3  35.4 2.938502 6.619051 8.790930 hargrave 2019-10-31 15:39:27 
AF 200 312.5  10.9 312.5  10.9 1.13E-02 000.5 282.8  35.9 2.501217 5.828503 7.879197 hargrave 2019-10-31 15:40:47 
AF 220 311.8  12.5 311.8  12.5 1.04E-02 000.5 280.7  36.2 2.494862 5.370176 7.218599 hargrave 2019-10-31 15:42:07 
AF 240 311.2  14.0 311.2  14.0 9.61E-03 000.5 278.7  36.6 2.088241 4.989225 6.643482 hargrave 2019-10-31 15:43:26 
AF 260 310.6  15.3 310.6  15.3 8.90E-03 000.5 277.0  36.8 2.043449 4.623569 6.135439 hargrave 2019-10-31 15:44:46 
AF 280 310.2  16.4 310.2  16.4 8.25E-03 000.5 275.5  37.0 1.759038 4.322849 5.700659 hargrave 2019-10-31 15:46:06 
AF 300 309.8  17.4 309.8  17.4 7.66E-03 000.5 274.2  37.2 1.630394 3.977972 5.261123 hargrave 2019-10-31 15:47:26 
AF 320 309.5  18.3 309.5  18.3 7.15E-03 000.5 273.1  37.4 1.384280 3.775891 4.898318 hargrave 2019-10-31 15:48:46 
AF 340 309.2  19.2 309.2  19.2 6.67E-03 000.5 272.0  37.7 1.367641 3.467817 4.545817 hargrave 2019-10-31 15:50:06 
AF 360 309.0  19.8 309.0  19.8 6.26E-03 000.5 271.1  37.8 1.317571 3.240830 4.229683 hargrave 2019-10-31 15:51:26 
AF 380 308.9  20.4 308.9  20.4 5.90E-03 000.5 270.4  38.0 1.148703 3.094250 3.997252 hargrave 2019-10-31 15:52:46 
AF 400 308.9  21.0 308.9  21.0 5.56E-03 000.5 269.7  38.3 1.208276 2.812366 3.724972 hargrave 2019-10-31 15:54:07 
AF 420 308.8  21.5 308.8  21.5 5.25E-03 000.5 269.1  38.5 1.118652 2.655603 3.676604 hargrave 2019-10-31 15:55:27 
AF 440 308.9  22.1 308.9  22.1 4.96E-03 000.5 268.5  38.8 0.992667 2.546415 3.307343 hargrave 2019-10-31 15:56:47 
AF 460 308.9  22.5 308.9  22.5 4.71E-03 000.5 268.1  39.0 0.932943 2.352762 3.073209 hargrave 2019-10-31 15:58:56 
AF 480 308.7  22.8 308.7  22.8 4.47E-03 000.5 267.5  39.0 0.899438 2.238186 2.939892 hargrave 2019-10-31 16:00:16 
AF 500 308.7  23.3 308.7  23.3 4.26E-03 000.5 267.0  39.2 0.808985 2.121344 2.758572 hargrave 2019-10-31 16:02:25 
AF 540 308.7  24.0 308.7  24.0 3.88E-03 000.5 266.3  39.5 0.801385 1.919327 2.527537 hargrave 2019-10-31 16:03:45 
AF 580 308.6  24.5 308.6  24.5 3.56E-03 000.5 265.5  39.7 0.736624 1.735794 2.346483 hargrave 2019-10-31 16:05:05 
AF 620 308.6  24.9 308.6  24.9 3.24E-03 000.5 265.1  39.8 0.689203 1.561601 2.071006 hargrave 2019-10-31 16:06:25 
AF 660 308.7  25.6 308.7  25.6 2.99E-03 000.5 264.4  40.2 0.587364 1.434741 1.910654 hargrave 2019-10-31 16:07:45 
AF 700 308.7  25.9 308.7  25.9 2.73E-03 000.5 264.0  40.3 0.535307 1.278598 1.748722 hargrave 2019-10-31 16:09:05 
AF 740 308.6  26.5 308.6  26.5 2.53E-03 000.5 263.2  40.5 0.485498 1.169214 1.571189 hargrave 2019-10-31 16:10:25 
AF 780 308.8  26.9 308.8  26.9 2.33E-03 000.4 262.8  40.8 0.483606 1.064633 1.430016 hargrave 2019-10-31 16:11:45 
AF 820 309.0  27.5 309.0  27.5 2.16E-03 000.4 262.2  41.2 0.402223 1.002253 1.323507 hargrave 2019-10-31 16:13:05 
AF 860 309.3  27.8 309.3  27.8 1.95E-03 000.5 261.9  41.7 0.375863 0.896709 1.211478 hargrave 2019-10-31 16:14:25 
AF 900 309.4  28.6 309.4  28.6 1.80E-03 000.4 261.1  42.0 0.356545 0.804883 1.076402 hargrave 2019-10-31 16:15:46 
AF 950 309.4  29.0 309.4  29.0 1.59E-03 000.5 260.6  42.2 0.341682 0.743887 0.959352 hargrave 2019-10-31 16:17:06 
AF1000 309.9  29.8 309.9  29.8 1.42E-03 000.4 259.7  42.9 0.333291 0.634133 0.848822 hargrave 2019-10-31 16:18:27 
AF1050 309.3  30.5 309.3  30.5 1.26E-03 000.4 258.6  42.6 0.273426 0.580506 0.749987 hargrave 2019-10-31 16:19:47 
AF1100 309.7  31.1 309.7  31.1 1.11E-03 000.4 258.0  43.2 0.192101 0.466331 0.652682 hargrave 2019-10-31 16:21:58 
AF1150 310.6  31.5 310.6  31.5 9.87E-04 000.4 257.8  44.0 0.182469 0.436366 0.555537 hargrave 2019-10-31 16:23:20 
AF1200 311.3  31.1 311.3  31.1 8.66E-04 000.4 258.7  44.5 0.175313 0.379852 0.506833 hargrave 2019-10-31 16:24:41 
AF1250 311.5  33.1 311.5  33.1 7.31E-04 000.4 256.1  45.3 0.142647 0.323457 0.399014 hargrave 2019-10-31 16:26:03 
AF1300 312.4  33.1 312.4  33.1 6.38E-04 000.4 256.5  46.0 0.143400 0.242838 0.350896 hargrave 2019-10-31 16:27:26 
