FC4- 3a mag compass orientation (IGRF corrected)
      0  96.1  54.0   0.0   0.0   1.0
NRM    309.9 -25.8 309.9 -25.8 4.17E-02 000.4 310.8  08.6 14.50031 10.44011 29.55161 hargrave 2019-10-31 17:39:46 
AF  10 309.6 -25.6 309.6 -25.6 4.11E-02 000.4 310.5  08.6 11.57493 17.37914 30.58769 hargrave 2019-10-31 17:41:05 
AF  20 308.9 -25.1 308.9 -25.1 3.86E-02 000.4 309.7  08.4 10.89676 16.57084 28.95973 hargrave 2019-10-31 17:42:26 
AF  30 307.6 -24.2 307.6 -24.2 3.50E-02 000.4 308.2  08.3 8.630890 15.59102 26.34151 hargrave 2019-10-31 17:43:46 
AF  40 305.7 -22.4 305.7 -22.4 3.04E-02 000.4 305.6  08.4 6.820401 13.86985 22.76354 hargrave 2019-10-31 17:45:06 
AF  50 303.8 -20.3 303.8 -20.3 2.71E-02 000.4 302.9  08.5 5.750857 12.30370 20.20021 hargrave 2019-10-31 17:46:25 
AF  60 301.4 -17.6 301.4 -17.6 2.37E-02 000.4 299.3  08.7 5.077000 10.51235 17.66076 hargrave 2019-10-31 17:47:45 
AF  70 298.8 -14.6 298.8 -14.6 2.11E-02 000.5 295.4  08.9 3.648934 10.44379 15.72385 hargrave 2019-10-31 17:49:05 
AF  80 296.1 -11.2 296.1 -11.2 1.89E-02 000.5 291.1  09.0 3.564537 8.473774 14.01829 hargrave 2019-10-31 17:51:15 
AF  90 293.5 -07.8 293.5 -07.8 1.72E-02 000.5 286.7  09.2 2.796353 7.799241 12.79624 hargrave 2019-10-31 17:52:35 
AF 100 291.0 -04.7 291.0 -04.7 1.59E-02 000.5 282.7  09.2 2.174570 7.106154 11.88109 hargrave 2019-10-31 17:53:54 
AF 120 287.0  00.4 287.0  00.4 1.42E-02 000.5 276.1  09.1 1.968795 6.208216 10.70345 hargrave 2019-10-31 17:55:14 
AF 140 284.1  04.1 284.1  04.1 1.31E-02 000.5 271.4  08.9 1.722667 5.479730 9.929410 hargrave 2019-10-31 17:56:34 
AF 160 282.1  06.7 282.1  06.7 1.24E-02 000.5 268.1  08.8 2.127782 5.118178 9.463473 hargrave 2019-10-31 17:57:54 
AF 180 280.9  08.3 280.9  08.3 1.19E-02 000.5 266.0  08.8 1.726314 4.862107 9.112926 hargrave 2019-10-31 17:59:14 
AF 200 279.9  09.5 279.9  09.5 1.15E-02 000.5 264.5  08.7 1.935478 4.629209 8.818812 hargrave 2019-10-31 18:00:34 
AF 220 279.5  10.4 279.5  10.4 1.10E-02 000.5 263.5  08.8 1.802168 4.429313 8.474942 hargrave 2019-10-31 18:01:54 
AF 240 279.1  11.2 279.1  11.2 1.06E-02 000.5 262.6  09.0 1.797952 4.213849 8.131547 hargrave 2019-10-31 18:03:13 
AF 260 278.9  11.8 278.9  11.8 1.02E-02 000.5 262.0  09.1 1.590524 4.411131 7.815393 hargrave 2019-10-31 18:04:34 
AF 280 278.7  12.5 278.7  12.5 9.69E-03 000.5 261.3  09.5 1.476662 3.904556 7.444954 hargrave 2019-10-31 18:05:54 
AF 300 278.5  13.1 278.5  13.1 9.25E-03 000.5 260.7  09.6 1.633132 3.750636 7.140657 hargrave 2019-10-31 18:07:14 
AF 320 278.5  13.8 278.5  13.8 8.81E-03 000.5 260.2  10.0 1.357837 3.549945 6.699882 hargrave 2019-10-31 18:09:23 
AF 340 278.6  14.4 278.6  14.4 8.37E-03 000.5 259.7  10.4 1.473248 3.395177 6.462933 hargrave 2019-10-31 18:10:43 
AF 360 278.5  14.8 278.5  14.8 8.00E-03 000.5 259.3  10.6 1.301932 3.232128 6.082192 hargrave 2019-10-31 18:12:52 
AF 380 278.6  15.4 278.6  15.4 7.60E-03 000.5 258.8  11.0 0.978224 3.136035 5.770580 hargrave 2019-10-31 18:14:59 
AF 400 278.7  15.9 278.7  15.9 7.21E-03 000.5 258.5  11.3 1.297293 2.991320 5.580163 hargrave 2019-10-31 18:16:19 
AF 420 278.9  16.5 278.9  16.5 6.88E-03 000.5 258.1  11.8 1.212879 2.913142 5.326042 hargrave 2019-10-31 18:17:39 
AF 440 279.0  16.9 279.0  16.9 6.54E-03 000.5 257.8  12.1 1.165106 2.230287 5.066449 hargrave 2019-10-31 18:18:59 
AF 460 279.3  17.4 279.3  17.4 6.26E-03 000.5 257.6  12.6 0.929119 2.683254 4.790150 hargrave 2019-10-31 18:21:07 
AF 480 279.3  17.8 279.3  17.8 5.94E-03 000.5 257.2  12.9 1.004568 2.575996 4.631318 hargrave 2019-10-31 18:22:27 
AF 500 280.0  18.2 280.0  18.2 5.68E-03 000.5 257.2  13.6 0.868735 2.432007 4.338224 hargrave 2019-10-31 18:24:35 
AF 540 280.3  18.9 280.3  18.9 5.21E-03 000.5 256.8  14.2 0.881958 2.342023 4.015368 hargrave 2019-10-31 18:26:43 
AF 580 280.4  19.8 280.4  19.8 4.75E-03 000.5 256.1  14.8 0.839431 2.113832 3.706637 hargrave 2019-10-31 18:28:03 
AF 620 281.2  20.3 281.2  20.3 4.37E-03 000.5 256.1  15.7 0.833540 1.976345 3.403164 hargrave 2019-10-31 18:29:22 
AF 660 281.7  21.2 281.7  21.2 4.02E-03 000.5 255.6  16.6 0.627904 1.889337 3.140544 hargrave 2019-10-31 18:30:42 
AF 700 282.8  22.1 282.8  22.1 3.65E-03 000.5 255.3  18.0 0.672477 1.712341 2.826716 hargrave 2019-10-31 18:32:02 
AF 740 282.7  23.3 282.7  23.3 3.35E-03 000.5 254.2  18.6 0.731280 1.608825 2.591902 hargrave 2019-10-31 18:33:21 
AF 780 283.8  23.7 283.8  23.7 3.08E-03 000.5 254.4  19.6 0.696771 1.480967 2.351963 hargrave 2019-10-31 18:34:40 
AF 820 283.8  24.3 283.8  24.3 2.83E-03 000.5 253.9  19.9 0.722749 1.692279 2.169839 hargrave 2019-10-31 18:36:00 
AF 860 285.3  25.6 285.3  25.6 2.55E-03 000.5 253.4  21.8 0.605797 1.229489 1.912911 hargrave 2019-10-31 18:37:20 
AF 900 285.6  26.0 285.6  26.0 2.35E-03 000.5 253.2  22.3 0.620556 1.152634 1.770857 hargrave 2019-10-31 18:38:39 
AF 950 287.4  26.8 287.4  26.8 2.06E-03 000.5 253.3  24.0 0.546481 1.011557 1.552550 hargrave 2019-10-31 18:39:59 
AF1000 289.8  27.5 289.8  27.5 1.81E-03 000.5 253.8  26.2 0.514122 0.891856 1.319076 hargrave 2019-10-31 18:41:19 
AF1050 291.3  27.8 291.3  27.8 1.59E-03 000.5 254.2  27.5 0.616377 0.831732 1.151665 hargrave 2019-10-31 18:42:39 
AF1100 292.4  30.1 292.4  30.1 1.39E-03 000.6 252.4  29.4 0.640344 0.745285 0.990861 hargrave 2019-10-31 18:44:00 
AF1150 291.2  31.4 291.2  31.4 1.21E-03 000.6 250.5  29.1 0.605631 0.625575 0.879087 hargrave 2019-10-31 18:45:21 
AF1200 293.2  32.7 293.2  32.7 1.05E-03 000.6 250.1  31.2 0.564881 0.547716 0.743339 hargrave 2019-10-31 18:46:42 
AF1250 298.1  32.4 298.1  32.4 9.18E-04 000.6 252.4  34.8 0.539371 0.463023 0.621073 hargrave 2019-10-31 18:48:03 
AF1300 299.7  35.7 299.7  35.7 7.65E-04 000.6 249.3  37.3 0.534037 0.414648 0.503661 hargrave 2019-10-31 18:49:25 
