FC4- 2a mag compass orientation (IGRF corrected)
      0  75.1 101.0   0.0   0.0   1.0
NRM    307.0 -21.6 307.0 -21.6 5.16E-02 000.7 291.1  52.0 32.02567 40.35455 41.05852 hargrave 2019-10-31 16:29:01 
AF  10 306.7 -21.4 306.7 -21.4 5.02E-02 000.7 290.8  51.8 30.27835 45.33908 43.15489 hargrave 2019-10-31 16:30:21 
AF  20 306.0 -21.1 306.0 -21.1 4.58E-02 000.7 290.2  51.2 27.65186 41.45879 39.78038 hargrave 2019-10-31 16:31:41 
AF  30 304.9 -20.6 304.9 -20.6 3.98E-02 000.7 289.0  50.3 23.26560 35.89223 34.82792 hargrave 2019-10-31 16:33:02 
AF  40 303.0 -19.3 303.0 -19.3 3.22E-02 000.7 286.9  48.7 18.14770 28.26196 28.24311 hargrave 2019-10-31 16:34:22 
AF  50 300.5 -17.8 300.5 -17.8 2.63E-02 000.7 284.3  46.3 14.02004 23.01696 22.29105 hargrave 2019-10-31 16:35:42 
AF  60 298.8 -14.9 298.8 -14.9 2.15E-02 000.7 280.1  44.8 10.62608 17.37386 17.90095 hargrave 2019-10-31 16:37:02 
AF  70 296.8 -11.1 296.8 -11.1 1.78E-02 000.7 275.1  42.7 7.995094 13.64744 14.78665 hargrave 2019-10-31 16:38:22 
AF  80 295.5 -06.5 295.5 -06.5 1.51E-02 000.6 269.0  40.9 6.045568 10.88778 12.01046 hargrave 2019-10-31 16:39:42 
AF  90 294.5 -01.7 294.5 -01.7 1.32E-02 000.6 263.2  38.9 4.585518 9.022145 10.37490 hargrave 2019-10-31 16:41:02 
AF 100 293.6  02.6 293.6  02.6 1.20E-02 000.6 258.2  37.0 3.625401 7.660234 9.267258 hargrave 2019-10-31 16:42:23 
AF 120 292.5  08.7 292.5  08.7 1.07E-02 000.6 251.5  34.1 2.485676 6.241234 8.061514 hargrave 2019-10-31 16:44:33 
AF 140 291.7  13.0 291.7  13.0 9.90E-03 000.5 247.0  31.8 1.955879 5.472702 7.491867 hargrave 2019-10-31 16:46:42 
AF 160 291.2  15.8 291.2  15.8 9.40E-03 000.5 244.2  30.3 1.692320 4.893904 7.238283 hargrave 2019-10-31 16:48:02 
AF 180 291.1  17.5 291.1  17.5 9.02E-03 000.5 242.5  29.5 1.475257 4.532458 6.966449 hargrave 2019-10-31 16:49:23 
AF 200 291.3  18.6 291.3  18.6 8.68E-03 000.5 241.2  29.2 1.354367 4.277787 6.671008 hargrave 2019-10-31 16:50:43 
AF 220 291.5  19.6 291.5  19.6 8.38E-03 000.5 240.1  29.0 1.279300 4.096120 6.450717 hargrave 2019-10-31 16:52:03 
AF 240 291.8  20.5 291.8  20.5 8.02E-03 000.5 239.0  28.8 1.120266 3.934018 6.047040 hargrave 2019-10-31 16:54:12 
AF 260 292.0  21.4 292.0  21.4 7.67E-03 000.5 238.1  28.6 1.145697 3.588078 5.884307 hargrave 2019-10-31 16:55:32 
AF 280 292.2  22.3 292.2  22.3 7.34E-03 000.5 237.0  28.4 0.990946 3.389773 5.612730 hargrave 2019-10-31 16:56:52 
AF 300 292.6  22.8 292.6  22.8 7.01E-03 000.5 236.3  28.5 0.986325 3.180776 5.338241 hargrave 2019-10-31 16:58:13 
AF 320 292.9  23.7 292.9  23.7 6.65E-03 000.5 235.3  28.4 0.872935 2.939506 5.038433 hargrave 2019-10-31 16:59:33 
AF 340 293.2  24.4 293.2  24.4 6.33E-03 000.5 234.4  28.2 0.840169 2.765497 4.764895 hargrave 2019-10-31 17:00:53 
AF 360 293.3  25.2 293.3  25.2 6.04E-03 000.5 233.6  27.9 0.763428 2.596792 4.538346 hargrave 2019-10-31 17:02:13 
AF 380 293.8  25.6 293.8  25.6 5.78E-03 000.5 232.9  28.1 0.705799 2.406269 4.320985 hargrave 2019-10-31 17:03:33 
AF 400 293.9  26.4 293.9  26.4 5.50E-03 000.5 232.0  27.8 0.659416 2.282616 4.123349 hargrave 2019-10-31 17:04:53 
AF 420 294.2  26.9 294.2  26.9 5.27E-03 000.5 231.4  27.8 0.633660 2.112481 3.922280 hargrave 2019-10-31 17:06:13 
AF 440 294.7  27.5 294.7  27.5 5.05E-03 000.5 230.6  27.8 0.604367 2.026641 3.746640 hargrave 2019-10-31 17:07:33 
AF 460 294.8  28.0 294.8  28.0 4.83E-03 000.5 230.1  27.6 0.541667 1.821912 3.597068 hargrave 2019-10-31 17:08:52 
AF 480 295.1  28.5 295.1  28.5 4.64E-03 000.5 229.4  27.6 0.530295 1.875577 3.353612 hargrave 2019-10-31 17:11:51 
AF 500 294.8  29.2 294.8  29.2 4.44E-03 000.5 228.9  27.0 0.450653 1.643581 3.258081 hargrave 2019-10-31 17:13:12 
AF 540 295.1  30.2 295.1  30.2 4.13E-03 000.5 227.8  26.7 0.451894 1.468750 3.065450 hargrave 2019-10-31 17:14:31 
AF 580 295.4  31.0 295.4  31.0 3.81E-03 000.5 227.0  26.5 0.511983 1.310944 2.813256 hargrave 2019-10-31 17:15:51 
AF 620 295.3  32.3 295.3  32.3 3.53E-03 000.5 225.8  25.8 0.403837 1.109485 2.611485 hargrave 2019-10-31 17:17:11 
AF 660 294.9  32.9 294.9  32.9 3.29E-03 000.5 225.4  25.1 0.447593 1.025477 2.459735 hargrave 2019-10-31 17:18:31 
AF 700 294.6  34.3 294.6  34.3 3.03E-03 000.4 224.3  24.1 0.349287 0.883378 2.238774 hargrave 2019-10-31 17:19:51 
AF 740 295.8  35.5 295.8  35.5 2.84E-03 000.4 222.6  24.3 0.317101 0.788415 2.096048 hargrave 2019-10-31 17:21:11 
AF 780 295.4  36.3 295.4  36.3 2.63E-03 000.5 222.1  23.5 0.363189 0.741221 1.985719 hargrave 2019-10-31 17:22:31 
AF 820 296.5  37.9 296.5  37.9 2.43E-03 000.4 220.2  23.3 0.336120 0.620531 1.808842 hargrave 2019-10-31 17:23:51 
AF 860 295.7  39.0 295.7  39.0 2.23E-03 000.4 219.5  22.1 0.318858 0.558457 1.678299 hargrave 2019-10-31 17:25:11 
AF 900 294.7  40.0 294.7  40.0 2.06E-03 000.4 219.2  20.9 0.403733 0.497826 1.592412 hargrave 2019-10-31 17:27:22 
AF 950 296.5  41.5 296.5  41.5 1.86E-03 000.4 217.0  21.1 0.348476 0.482459 1.428819 hargrave 2019-10-31 17:28:43 
AF1000 295.9  42.7 295.9  42.7 1.70E-03 000.4 216.3  20.0 0.358180 0.389970 1.317167 hargrave 2019-10-31 17:30:03 
AF1050 296.7  44.6 296.7  44.6 1.50E-03 000.4 214.3  19.3 0.369513 0.389674 1.176475 hargrave 2019-10-31 17:31:24 
AF1100 296.5  46.2 296.5  46.2 1.33E-03 000.4 213.1  18.2 0.387432 0.395954 1.042522 hargrave 2019-10-31 17:32:45 
AF1150 296.4  47.8 296.4  47.8 1.19E-03 000.5 211.8  17.1 0.419352 0.462374 0.937261 hargrave 2019-10-31 17:34:06 
AF1200 297.6  51.5 297.6  51.5 1.03E-03 000.5 208.4  15.3 0.408644 0.467808 0.838098 hargrave 2019-10-31 17:35:28 
AF1250 299.5  51.9 299.5  51.9 9.18E-04 000.5 207.2  15.9 0.406420 0.429991 0.734008 hargrave 2019-10-31 17:36:50 
AF1300 303.2  55.2 303.2  55.2 7.69E-04 000.6 203.2  15.1 0.398903 0.446866 0.710294 hargrave 2019-10-31 17:38:13 
