FC4- 4a mag compass orientation (IGRF corrected)
      0  26.1  94.0   0.0   0.0   1.0
NRM    243.9  02.6 243.9  02.6 2.12E-01 004.8 263.6  37.4 1320.734 1840.495 537.3421 hargrave 2019-10-31 20:28:06
AF  10 243.7  02.8 243.7  02.8 2.11E-01 004.9 263.5  37.1 1338.708 1871.047 640.6208 hargrave 2019-10-31 20:29:25
AF  20 243.3  02.8 243.3  02.8 2.11E-01 004.8 263.5  36.8 1306.924 1843.238 654.8063 hargrave 2019-10-31 20:30:45
AF  30 242.8  02.6 242.8  02.6 2.09E-01 004.8 263.8  36.3 1282.290 1809.429 646.8823 hargrave 2019-10-31 20:32:04
AF  40 242.5  02.4 242.5  02.4 2.05E-01 004.7 264.0  36.0 1247.972 1800.618 559.0358 hargrave 2019-10-31 20:33:23
AF  50 242.6  02.3 242.6  02.3 1.99E-01 004.7 264.3  36.1 1232.399 1756.608 462.3954 hargrave 2019-10-31 20:34:43
AF  75 241.5  02.3 241.5  02.3 1.77E-01 005.9 264.4  35.0 1389.716 1865.659 506.9234 hargrave 2019-10-31 20:36:02
AF 100 243.9  02.8 243.9  02.8 1.41E-01 002.8 263.4  37.4 536.8161 411.5118 236.5827 hargrave 2019-10-31 20:37:21
AF 125 243.6  03.2 243.6  03.2 1.10E-01 004.2 263.0  37.0 672.1909 500.1564 187.9961 hargrave 2019-10-31 20:38:40
AF 150 241.3  04.1 241.3  04.1 9.42E-02 007.3 262.2  34.6 934.4095 1286.799 174.5243 hargrave 2019-10-31 20:40:00
AF 175 243.2  03.6 243.2  03.6 8.36E-02 004.7 262.6  36.6 469.0377 580.4659 234.0839 hargrave 2019-10-31 20:41:19
AF 200 247.1  04.3 247.1  04.3 6.61E-02 000.9 260.9  40.4 41.03488 87.30368 58.84487 hargrave 2019-10-31 20:42:38
AF 225 248.2  05.1 248.2  05.1 4.98E-02 000.5 259.6  41.3 8.875434 31.26389 38.60226 hargrave 2019-10-31 20:43:57
AF 250 249.1  06.1 249.1  06.1 3.76E-02 000.5 258.1  42.0 6.232363 23.30398 28.76632 hargrave 2019-10-31 20:45:17
AF 275 250.5  07.1 250.5  07.1 2.90E-02 000.5 256.3  43.1 4.079959 17.82785 21.94245 hargrave 2019-10-31 20:46:36
AF 300 251.8  08.4 251.8  08.4 2.27E-02 000.5 254.3  44.1 3.246999 13.71421 16.85503 hargrave 2019-10-31 20:47:55
AF 350 254.4  10.6 254.4  10.6 1.54E-02 000.5 250.3  46.0 1.884669 9.077973 11.08965 hargrave 2019-10-31 20:49:15
AF 400 257.3  12.9 257.3  12.9 1.10E-02 000.5 245.7  47.9 1.245405 6.336479 7.671605 hargrave 2019-10-31 20:50:34
AF 450 260.2  15.6 260.2  15.6 8.35E-03 000.5 240.2  49.4 0.757262 4.652178 5.554175 hargrave 2019-10-31 20:51:53
AF 500 263.2  17.7 263.2  17.7 6.66E-03 000.5 235.3  51.0 0.594895 3.569153 4.239282 hargrave 2019-10-31 20:53:12
AF 550 266.2  19.7 266.2  19.7 5.53E-03 000.4 230.0  52.3 0.477765 2.875551 3.342620 hargrave 2019-10-31 20:54:31
AF 600 268.6  21.8 268.6  21.8 4.75E-03 000.4 225.0  52.7 0.328362 2.373885 2.687316 hargrave 2019-10-31 20:56:39
AF 650 270.1  22.8 270.1  22.8 4.19E-03 000.4 222.3  53.1 0.199835 1.980268 2.353674 hargrave 2019-10-31 20:57:58
AF 700 272.6  24.1 272.6  24.1 3.74E-03 000.4 218.0  53.7 0.200965 1.795272 2.037066 hargrave 2019-10-31 20:59:18
AF 750 273.5  25.1 273.5  25.1 3.41E-03 000.4 215.8  53.5 0.193154 1.624876 1.832730 hargrave 2019-10-31 21:00:37
AF 800 274.1  25.3 274.1  25.3 3.12E-03 000.4 214.9  53.8 0.215727 1.503115 1.647665 hargrave 2019-10-31 21:01:56
AF 900 274.2  26.5 274.2  26.5 2.71E-03 000.4 213.5  52.9 0.195374 1.299263 1.448757 hargrave 2019-10-31 21:03:15
AF1000 275.4  27.8 275.4  27.8 2.37E-03 000.4 210.9  52.5 0.171697 1.149293 1.259557 hargrave 2019-10-31 21:04:34
AF1100 274.1  26.9 274.1  26.9 1.98E-03 000.4 213.3  52.5 0.150771 0.915945 1.062908 hargrave 2019-10-31 21:05:54
AF1200 270.6  28.5 270.6  28.5 1.73E-03 000.4 215.4  49.3 0.235273 0.815819 1.008986 hargrave 2019-10-31 21:07:15
AF1300 268.9  26.1 268.9  26.1 1.47E-03 000.4 219.7  50.0 0.140186 0.666036 0.846402 hargrave 2019-10-31 21:08:37
