FC4- 5a mag compass orientation (IGRF corrected)
      0  19.1  86.0   0.0   0.0   1.0
NRM    135.2  11.9 135.2  11.9 1.55E-01 006.4 238.2 -59.6 1276.865 1395.686 141.4603 hargrave 2019-11-04 18:08:34
AF  10 135.5  11.7 135.5  11.7 1.55E-01 006.0 238.9 -59.4 1199.813 1348.524 146.3089 hargrave 2019-11-04 18:09:54
AF  20 136.4  11.5 136.4  11.5 1.55E-01 006.0 239.9 -58.8 1173.277 1379.568 131.6572 hargrave 2019-11-04 18:11:14
AF  30 137.8  11.0 137.8  11.0 1.53E-01 006.0 241.9 -57.7 1176.299 1352.602 119.3866 hargrave 2019-11-04 18:12:34
AF  40 139.1  10.5 139.1  10.5 1.51E-01 005.9 243.9 -56.8 1091.806 1363.639 145.2185 hargrave 2019-11-04 18:13:53
AF  50 139.7  10.3 139.7  10.3 1.45E-01 006.0 244.7 -56.3 1025.319 1382.386 216.2450 hargrave 2019-11-04 18:15:12
AF  60 139.7  10.1 139.7  10.1 1.40E-01 006.5 244.9 -56.4 995.9324 1497.541 132.4684 hargrave 2019-11-04 18:16:31
AF  70 140.5  10.6 140.5  10.6 1.32E-01 007.4 244.7 -55.5 1021.487 1680.072 94.75910 hargrave 2019-11-04 18:17:51
AF  80 141.7  12.2 141.7  12.2 1.25E-01 009.0 243.0 -53.8 1178.629 1930.351 73.61739 hargrave 2019-11-04 18:20:50
AF  90 141.8  13.3 141.8  13.3 1.20E-01 008.8 241.4 -53.3 1164.664 1783.675 168.1465 hargrave 2019-11-04 18:23:47
AF 100 141.4  14.1 141.4  14.1 1.16E-01 007.5 240.0 -53.2 1034.344 1361.349 51.18451 hargrave 2019-11-04 18:25:07
AF 120 142.6  15.5 142.6  15.5 9.84E-02 002.8 238.8 -51.5 359.4401 399.6583 42.19982 hargrave 2019-11-04 18:26:26
AF 140 142.8  15.6 142.8  15.6 7.99E-02 000.4 238.7 -51.3 47.34550 49.02890 23.77737 hargrave 2019-11-04 18:27:46
AF 160 141.4  15.2 141.4  15.2 6.59E-02 000.6 238.3 -52.7 45.52167 58.47721 18.67379 hargrave 2019-11-04 18:29:05
AF 180 138.3  13.9 138.3  13.9 5.74E-02 000.7 237.8 -55.9 35.39072 45.05295 59.48075 hargrave 2019-11-04 18:30:25
AF 200 133.9  11.7 133.9  11.7 5.32E-02 000.7 237.3 -60.8 27.31870 35.11057 84.74112 hargrave 2019-11-04 18:31:44
AF 220 133.8  11.8 133.8  11.8 4.35E-02 000.4 236.9 -60.8 21.43473 27.36085 8.985444 hargrave 2019-11-04 18:33:04
AF 240 134.7  12.7 134.7  12.7 3.45E-02 000.4 236.4 -59.6 16.67419 21.55595 6.400163 hargrave 2019-11-04 18:34:23
AF 260 135.8  13.7 135.8  13.7 2.73E-02 000.4 235.9 -58.1 13.33758 16.73978 4.758211 hargrave 2019-11-04 18:35:42
AF 280 137.0  14.7 137.0  14.7 2.19E-02 000.4 235.4 -56.7 10.54933 13.22093 3.416729 hargrave 2019-11-04 18:37:02
AF 300 138.1  16.1 138.1  16.1 1.75E-02 000.4 234.3 -55.0 8.474244 10.41124 2.403011 hargrave 2019-11-04 18:38:21
AF 320 139.9  17.6 139.9  17.6 1.41E-02 000.4 233.6 -52.7 6.803158 8.263406 1.697959 hargrave 2019-11-04 18:39:41
AF 340 142.0  19.5 142.0  19.5 1.14E-02 000.4 232.9 -50.0 5.428676 6.545385 1.300060 hargrave 2019-11-04 18:41:00
AF 360 144.1  21.2 144.1  21.2 9.33E-03 000.4 232.2 -47.5 4.424642 5.144595 1.185594 hargrave 2019-11-04 18:42:19
AF 380 146.9  23.9 146.9  23.9 7.68E-03 000.4 230.9 -43.8 3.695017 4.145056 1.212950 hargrave 2019-11-04 18:43:39
AF 400 149.4  26.0 149.4  26.0 6.47E-03 000.4 230.1 -40.8 3.087091 3.425658 1.266784 hargrave 2019-11-04 18:44:58
AF 420 152.4  28.6 152.4  28.6 5.42E-03 000.4 229.1 -37.1 2.608961 2.761515 1.357880 hargrave 2019-11-04 18:46:18
AF 440 155.8  31.9 155.8  31.9 4.62E-03 000.4 227.4 -32.9 2.190619 2.279825 1.371873 hargrave 2019-11-04 18:47:37
AF 460 159.8  34.5 159.8  34.5 3.93E-03 000.4 226.7 -28.7 1.917021 1.826254 1.390713 hargrave 2019-11-04 18:48:57
AF 480 166.4  37.5 166.4  37.5 3.42E-03 000.4 226.4 -22.7 1.715102 1.485177 1.483198 hargrave 2019-11-04 18:50:16
AF 500 169.7  40.7 169.7  40.7 3.04E-03 000.4 224.3 -19.0 1.506612 1.312827 1.425509 hargrave 2019-11-04 18:51:36
AF 540 177.9  44.1 177.9  44.1 2.53E-03 000.4 223.3 -12.1 1.353801 1.032158 1.436437 hargrave 2019-11-04 18:52:55
AF 580 188.1  48.0 188.1  48.0 2.13E-03 000.4 221.2 -04.3 1.167362 0.757709 1.305534 hargrave 2019-11-04 18:54:14
AF 620 197.0  50.4 197.0  50.4 1.91E-03 000.4 219.6  01.8 1.041184 0.579682 1.295043 hargrave 2019-11-04 18:55:34
AF 660 203.1  53.1 203.1  53.1 1.69E-03 000.4 217.0  05.6 0.957460 0.544342 1.152478 hargrave 2019-11-04 18:56:53
AF 700 208.4  52.7 208.4  52.7 1.62E-03 000.5 217.3  08.8 0.901665 0.532728 1.129275 hargrave 2019-11-04 18:58:13
AF 740 210.1  53.7 210.1  53.7 1.47E-03 000.5 216.2  09.7 0.871430 0.396408 1.045085 hargrave 2019-11-04 18:59:32
AF 780 211.5  55.2 211.5  55.2 1.37E-03 000.5 214.5  10.3 0.772985 0.381100 0.978399 hargrave 2019-11-04 19:00:52
AF 820 207.9  57.6 207.9  57.6 1.27E-03 000.4 212.3  08.1 0.672788 0.338703 0.879176 hargrave 2019-11-04 19:02:11
AF 860 205.8  56.0 205.8  56.0 1.21E-03 000.4 214.0  07.1 0.716704 0.275285 0.818047 hargrave 2019-11-04 19:03:31
AF 900 203.9  58.4 203.9  58.4 1.09E-03 000.4 211.6  05.9 0.578192 0.304298 0.762002 hargrave 2019-11-04 19:04:50
AF 950 203.7  56.5 203.7  56.5 1.04E-03 000.4 213.6  05.9 0.575497 0.246516 0.705734 hargrave 2019-11-04 19:06:10
AF1000 205.8  62.8 205.8  62.8 1.01E-03 000.4 207.2  06.6 0.535792 0.245629 0.708551 hargrave 2019-11-04 19:07:30
AF1050 201.7  57.5 201.7  57.5 9.41E-04 000.4 212.6  04.8 0.511988 0.256070 0.597073 hargrave 2019-11-04 19:09:41
AF1100 192.6  58.8 192.6  58.8 8.46E-04 000.4 211.0  00.1 0.451499 0.208226 0.558941 hargrave 2019-11-04 19:11:01
AF1150 179.2  56.7 179.2  56.7 8.01E-04 000.4 211.4 -07.4 0.419974 0.294643 0.494680 hargrave 2019-11-04 19:12:22
AF1200 177.1  55.4 177.1  55.4 7.57E-04 000.4 212.2 -08.9 0.392253 0.267801 0.436711 hargrave 2019-11-04 19:13:43
AF1250 181.9  52.9 181.9  52.9 7.27E-04 000.4 215.5 -07.0 0.365966 0.245807 0.431729 hargrave 2019-11-04 19:15:04
AF1300 167.1  50.1 167.1  50.1 7.01E-04 000.4 214.6 -16.6 0.383439 0.317493 0.360728 hargrave 2019-11-04 19:16:27
