FC4- 8a mag compass orientation (IGRF corrected)
      0  56.1 106.0   0.0   0.0   1.0
NRM    321.0 -28.4 321.0 -28.4 5.26E-02 000.7 340.3  76.7 47.63070 44.44324 97.15146 hargrave 2019-11-04 20:34:51
AF  10 321.0 -28.4 321.0 -28.4 5.23E-02 000.8 340.1  76.8 48.47646 45.31466 98.02170 hargrave 2019-11-04 20:36:11
AF  20 321.0 -27.9 321.0 -27.9 5.17E-02 000.8 339.5  77.2 47.04132 43.74346 116.7644 hargrave 2019-11-04 20:37:31
AF  30 321.3 -26.8 321.3 -26.8 5.19E-02 000.8 338.3  78.3 44.61007 41.62526 157.6893 hargrave 2019-11-04 20:38:51
AF  40 321.4 -25.4 321.4 -25.4 5.08E-02 000.7 335.6  79.6 40.93281 37.60170 186.1625 hargrave 2019-11-04 20:40:11
AF  50 321.3 -24.3 321.3 -24.3 4.91E-02 000.7 332.2  80.6 37.48987 34.08865 151.8620 hargrave 2019-11-04 20:41:30
AF  60 321.3 -22.9 321.3 -22.9 4.70E-02 000.6 327.3  81.7 34.13201 30.88509 136.4085 hargrave 2019-11-04 20:42:50
AF  70 321.1 -21.7 321.1 -21.7 4.47E-02 000.6 320.8  82.6 30.95470 27.72229 52.66682 hargrave 2019-11-04 20:44:09
AF  80 320.7 -20.5 320.7 -20.5 4.15E-02 000.5 312.2  83.2 28.26520 24.89786 11.03951 hargrave 2019-11-04 20:45:29
AF  90 320.3 -19.3 320.3 -19.3 3.80E-02 000.5 301.9  83.5 25.83663 22.49634 11.03449 hargrave 2019-11-04 20:46:48
AF 100 319.8 -18.2 319.8 -18.2 3.49E-02 000.5 290.9  83.6 23.68387 20.40660 10.17827 hargrave 2019-11-04 20:48:07
AF 120 318.7 -16.1 318.7 -16.1 2.99E-02 000.5 271.7  82.9 20.27582 17.07872 9.627288 hargrave 2019-11-04 20:49:26
AF 140 317.3 -13.9 317.3 -13.9 2.56E-02 000.5 257.2  81.2 17.43952 14.22977 9.057632 hargrave 2019-11-04 20:50:46
AF 160 315.5 -11.4 315.5 -11.4 2.17E-02 000.5 247.1  78.7 14.76202 11.73696 8.749003 hargrave 2019-11-04 20:52:06
AF 180 314.0 -08.9 314.0 -08.9 1.90E-02 000.5 240.4  76.2 12.86666 10.02086 7.954382 hargrave 2019-11-04 20:53:25
AF 200 312.4 -06.3 312.4 -06.3 1.67E-02 000.5 235.7  73.4 11.31628 8.558468 7.542241 hargrave 2019-11-04 20:54:44
AF 220 310.9 -03.5 310.9 -03.5 1.49E-02 000.5 231.8  70.5 9.938424 7.355861 7.160749 hargrave 2019-11-04 20:56:04
AF 240 309.7 -01.0 309.7 -01.0 1.35E-02 000.5 228.6  67.9 8.897767 6.590335 6.862661 hargrave 2019-11-04 20:57:23
AF 260 308.8  01.2 308.8  01.2 1.23E-02 000.5 226.4  65.8 8.047549 5.783559 6.582311 hargrave 2019-11-04 20:58:42
AF 280 308.0  03.2 308.0  03.2 1.14E-02 000.5 224.5  63.8 7.426865 5.177087 6.230536 hargrave 2019-11-04 21:00:01
AF 300 307.5  04.7 307.5  04.7 1.05E-02 000.5 223.0  62.3 6.789396 4.726815 5.916699 hargrave 2019-11-04 21:01:21
AF 320 307.0  06.1 307.0  06.1 9.79E-03 000.5 221.9  60.9 6.212780 4.319794 5.618090 hargrave 2019-11-04 21:02:41
AF 340 306.6  07.2 306.6  07.2 9.15E-03 000.5 221.1  59.8 5.785893 3.966927 5.315990 hargrave 2019-11-04 21:04:00
AF 360 306.3  08.3 306.3  08.3 8.61E-03 000.5 220.3  58.8 5.443230 3.717175 5.059310 hargrave 2019-11-04 21:05:19
AF 380 306.3  09.1 306.3  09.1 8.09E-03 000.5 219.4  58.1 5.151310 3.488070 4.802565 hargrave 2019-11-04 21:06:38
AF 400 305.9  10.1 305.9  10.1 7.60E-03 000.5 218.8  57.1 4.792227 3.295812 4.567133 hargrave 2019-11-04 21:07:58
AF 420 305.8  11.0 305.8  11.0 7.17E-03 000.5 217.9  56.4 4.496098 3.027171 4.311740 hargrave 2019-11-04 21:09:17
AF 440 305.7  11.4 305.7  11.4 6.79E-03 000.5 217.6  56.0 4.251832 2.813873 4.098633 hargrave 2019-11-04 21:10:36
AF 460 305.9  12.2 305.9  12.2 6.44E-03 000.5 216.6  55.4 4.046829 2.719634 3.916534 hargrave 2019-11-04 21:11:55
AF 480 305.7  13.1 305.7  13.1 6.08E-03 000.5 215.9  54.6 3.767086 2.552858 3.727479 hargrave 2019-11-04 21:13:14
AF 500 305.6  13.6 305.6  13.6 5.76E-03 000.5 215.4  54.1 3.561261 2.371142 3.562087 hargrave 2019-11-04 21:14:33
AF 540 305.5  14.5 305.5  14.5 5.25E-03 000.5 214.8  53.3 3.274641 2.097305 3.294829 hargrave 2019-11-04 21:15:52
AF 580 305.6  15.5 305.6  15.5 4.79E-03 000.5 213.7  52.5 2.987128 1.933463 2.983926 hargrave 2019-11-04 21:17:11
AF 620 305.6  16.6 305.6  16.6 4.36E-03 000.5 212.7  51.6 2.695628 1.805528 2.722309 hargrave 2019-11-04 21:19:20
AF 660 305.9  17.4 305.9  17.4 3.99E-03 000.5 211.7  51.2 2.489565 1.564283 2.516930 hargrave 2019-11-04 21:20:38
AF 700 305.9  18.6 305.9  18.6 3.64E-03 000.5 210.7  50.1 2.218010 1.459891 2.303198 hargrave 2019-11-04 21:22:46
AF 740 305.8  19.5 305.8  19.5 3.36E-03 000.5 210.1  49.3 2.095179 1.303880 2.144532 hargrave 2019-11-04 21:24:05
AF 780 305.7  20.0 305.7  20.0 3.10E-03 000.5 209.7  48.8 1.904299 1.241998 1.952044 hargrave 2019-11-04 21:25:24
AF 820 306.2  20.9 306.2  20.9 2.82E-03 000.5 208.5  48.2 1.748181 1.072988 1.813052 hargrave 2019-11-04 21:26:43
AF 860 305.9  21.6 305.9  21.6 2.59E-03 000.5 208.4  47.5 1.629989 0.911147 1.684283 hargrave 2019-11-04 21:28:02
AF 900 306.6  22.2 306.6  22.2 2.38E-03 000.5 207.1  47.3 1.453898 0.850999 1.523644 hargrave 2019-11-04 21:29:22
AF 950 306.2  23.0 306.2  23.0 2.13E-03 000.5 207.0  46.5 1.321226 0.751755 1.384781 hargrave 2019-11-04 21:30:42
AF1000 307.1  23.6 307.1  23.6 1.89E-03 000.5 205.6  46.2 1.203731 0.637332 1.223980 hargrave 2019-11-04 21:32:01
AF1050 308.1  24.3 308.1  24.3 1.69E-03 000.5 204.0  46.0 1.054360 0.579584 1.096973 hargrave 2019-11-04 21:33:20
AF1100 308.4  24.6 308.4  24.6 1.48E-03 000.5 203.4  45.8 0.934416 0.466308 0.964285 hargrave 2019-11-04 21:34:40
AF1150 307.6  24.9 307.6  24.9 1.34E-03 000.5 204.2  45.3 0.849794 0.434537 0.886029 hargrave 2019-11-04 21:36:00
AF1200 309.5  26.6 309.5  26.6 1.16E-03 000.5 200.9  44.4 0.730117 0.384093 0.758055 hargrave 2019-11-04 21:37:20
AF1250 311.9  26.3 311.9  26.3 1.03E-03 000.5 198.2  45.5 0.647947 0.315825 0.682049 hargrave 2019-11-04 21:38:41
AF1300 312.5  26.1 312.5  26.1 9.12E-04 000.5 197.6  45.8 0.592532 0.292569 0.601083 hargrave 2019-11-04 21:40:03
