FC4- 7a sun compass orientation
      0  38.2  98.0   0.0   0.0   1.0
NRM    104.1 -10.5 104.1 -10.5 2.54E-02 000.4 052.7 -59.7 9.167408 10.10845 15.03899 hargrave 2019-11-04 19:19:46
AF  10 104.4 -10.7 104.4 -10.7 2.49E-02 000.4 052.1 -59.8 11.99799 8.655509 14.91317 hargrave 2019-11-04 19:21:06
AF  20 104.9 -11.8 104.9 -11.8 2.30E-02 000.5 049.7 -59.5 11.13003 8.322758 13.95766 hargrave 2019-11-04 19:22:25
AF  30 104.4 -13.6 104.4 -13.6 1.98E-02 000.4 047.7 -58.0 8.303449 6.923692 12.39895 hargrave 2019-11-04 19:24:34
AF  40 100.5 -15.9 100.5 -15.9 1.50E-02 000.4 048.9 -53.6 5.841790 4.821327 10.24240 hargrave 2019-11-04 19:25:53
AF  50 091.8 -17.9 091.8 -17.9 1.10E-02 000.5 054.0 -45.7 3.606280 3.470997 8.386434 hargrave 2019-11-04 19:27:12
AF  60 076.2 -16.1 076.2 -16.1 7.68E-03 000.5 064.7 -33.2 2.117352 2.413282 6.618949 hargrave 2019-11-04 19:28:31
AF  70 050.0 -09.4 050.0 -09.4 5.65E-03 000.6 078.9 -10.2 2.007500 2.001252 5.243754 hargrave 2019-11-04 19:29:51
AF  80 019.5  04.0 019.5  04.0 5.36E-03 000.6 096.9  17.9 2.942122 1.944712 4.269695 hargrave 2019-11-04 19:31:59
AF  90 357.7  14.1 357.7  14.1 6.28E-03 000.6 114.0  36.2 4.731960 2.117522 3.872845 hargrave 2019-11-04 19:34:57
AF 100 344.5  19.6 344.5  19.6 7.53E-03 000.5 128.2  44.9 4.961467 2.292068 3.954509 hargrave 2019-11-04 19:37:06
AF 120 331.7  25.2 331.7  25.2 9.43E-03 000.5 146.2  49.7 5.916782 2.534250 4.676104 hargrave 2019-11-04 19:39:14
AF 140 325.2  28.0 325.2  28.0 1.07E-02 000.5 156.0  50.5 6.371917 2.668489 5.327847 hargrave 2019-11-04 19:41:22
AF 160 321.5  30.1 321.5  30.1 1.11E-02 000.5 162.0  49.8 6.269632 2.330695 5.736248 hargrave 2019-11-04 19:42:42
AF 180 318.9  31.4 318.9  31.4 1.12E-02 000.4 165.9  49.3 6.004719 2.291517 5.916115 hargrave 2019-11-04 19:44:01
AF 200 316.8  32.1 316.8  32.1 1.10E-02 000.4 168.9  49.1 5.846076 2.177870 5.891795 hargrave 2019-11-04 19:45:20
AF 220 314.8  32.3 314.8  32.3 1.07E-02 000.4 171.4  49.3 5.757627 2.409961 5.738492 hargrave 2019-11-04 19:47:30
AF 240 313.3  32.4 313.3  32.4 1.04E-02 000.5 173.4  49.3 5.588134 2.350647 5.640528 hargrave 2019-11-04 19:48:49
AF 260 311.9  32.6 311.9  32.6 1.01E-02 000.4 175.2  49.3 5.386689 2.195961 5.446952 hargrave 2019-11-04 19:50:09
AF 280 310.9  32.7 310.9  32.7 9.66E-03 000.5 176.5  49.2 5.139526 2.212167 5.275329 hargrave 2019-11-04 19:51:28
AF 300 309.7  32.9 309.7  32.9 9.26E-03 000.5 178.1  49.1 4.960349 2.152646 5.085203 hargrave 2019-11-04 19:52:48
AF 320 308.9  33.0 308.9  33.0 8.86E-03 000.5 179.1  49.0 4.752333 2.002698 5.559787 hargrave 2019-11-04 19:54:07
AF 340 308.3  33.3 308.3  33.3 8.44E-03 000.5 179.9  48.7 4.523107 1.944521 4.661711 hargrave 2019-11-04 19:55:27
AF 360 307.5  33.4 307.5  33.4 8.09E-03 000.5 180.9  48.6 4.330919 1.980131 4.504139 hargrave 2019-11-04 19:56:46
AF 380 307.1  33.5 307.1  33.5 7.70E-03 000.5 181.4  48.4 4.132140 1.928007 4.258799 hargrave 2019-11-04 19:58:06
AF 400 306.5  33.8 306.5  33.8 7.35E-03 000.5 182.1  48.1 3.946862 2.039089 4.106649 hargrave 2019-11-04 20:00:15
AF 420 306.0  33.9 306.0  33.9 7.04E-03 000.5 182.8  48.0 3.803661 1.812762 3.967715 hargrave 2019-11-04 20:01:34
AF 440 305.4  34.2 305.4  34.2 6.73E-03 000.5 183.4  47.8 3.656921 1.628854 3.797171 hargrave 2019-11-04 20:02:54
AF 460 304.8  34.5 304.8  34.5 6.43E-03 000.5 184.1  47.4 3.489583 1.807293 3.663653 hargrave 2019-11-04 20:05:03
AF 480 304.9  34.6 304.9  34.6 6.13E-03 000.5 184.0  47.3 3.331173 1.512189 3.496380 hargrave 2019-11-04 20:06:22
AF 500 304.4  34.9 304.4  34.9 5.86E-03 000.5 184.6  47.0 3.213006 1.451133 3.347557 hargrave 2019-11-04 20:07:42
AF 540 303.8  35.4 303.8  35.4 5.40E-03 000.5 185.3  46.4 2.957968 1.562537 3.109585 hargrave 2019-11-04 20:09:51
AF 580 303.2  36.0 303.2  36.0 4.94E-03 000.5 185.9  45.8 2.744191 1.344067 2.853818 hargrave 2019-11-04 20:11:11
AF 620 302.9  36.6 302.9  36.6 4.55E-03 000.5 186.1  45.1 2.530391 1.222933 2.673629 hargrave 2019-11-04 20:12:31
AF 660 302.6  37.3 302.6  37.3 4.16E-03 000.5 186.3  44.4 2.321722 1.079116 2.458473 hargrave 2019-11-04 20:13:50
AF 700 302.7  38.1 302.7  38.1 3.82E-03 000.5 186.0  43.6 2.147193 1.063676 2.285777 hargrave 2019-11-04 20:15:10
AF 740 302.1  38.9 302.1  38.9 3.52E-03 000.5 186.5  42.8 1.977627 0.897365 2.097705 hargrave 2019-11-04 20:16:30
AF 780 302.3  39.9 302.3  39.9 3.21E-03 000.5 186.1  41.8 1.797605 0.768533 1.965857 hargrave 2019-11-04 20:17:49
AF 820 302.6  39.7 302.6  39.7 2.95E-03 000.5 185.8  42.0 1.691107 0.832308 1.811722 hargrave 2019-11-04 20:19:09
AF 860 302.0  41.9 302.0  41.9 2.69E-03 000.5 186.0  39.8 1.533748 0.741554 1.677432 hargrave 2019-11-04 20:20:29
AF 900 302.5  42.4 302.5  42.4 2.48E-03 000.5 185.4  39.3 1.372949 0.644993 1.543504 hargrave 2019-11-04 20:21:49
AF 950 302.4  43.0 302.4  43.0 2.18E-03 000.5 185.4  38.8 1.244771 0.651550 1.347577 hargrave 2019-11-04 20:23:09
AF1000 301.1  43.8 301.1  43.8 1.93E-03 000.5 186.5  37.8 1.087858 0.483171 1.208488 hargrave 2019-11-04 20:24:28
AF1050 303.7  45.7 303.7  45.7 1.73E-03 000.5 183.9  36.2 0.919261 0.475824 1.079901 hargrave 2019-11-04 20:25:49
AF1100 303.3  47.2 303.3  47.2 1.52E-03 000.5 184.0  34.6 0.832177 0.381582 0.953812 hargrave 2019-11-04 20:27:09
AF1150 303.8  48.4 303.8  48.4 1.34E-03 000.5 183.5  33.5 0.739176 0.353839 0.863394 hargrave 2019-11-04 20:28:29
AF1200 305.0  48.2 305.0  48.2 1.15E-03 000.5 182.6  33.8 0.666910 0.335308 0.736055 hargrave 2019-11-04 20:29:50
AF1250 307.3  47.4 307.3  47.4 1.04E-03 000.5 180.8  34.6 0.609797 0.318866 0.641766 hargrave 2019-11-04 20:32:01
AF1300 308.7  50.7 308.7  50.7 8.70E-04 000.5 179.7  31.3 0.472955 0.250296 0.556617 hargrave 2019-11-04 20:33:24
