FC4- 9a mag compass orientation (IGRF corrected)
      0  85.1  77.0   0.0   0.0   1.0
NRM    276.8 -51.6 276.8 -51.6 4.58E-02 000.3 322.5 -03.1 13.08683 7.361422 24.71006 hargrave 2019-11-04 21:41:33
AF  10 276.1 -51.9 276.1 -51.9 4.46E-02 000.4 322.6 -03.6 17.15417 3.479526 24.40291 hargrave 2019-11-04 21:42:52
AF  20 274.0 -52.5 274.0 -52.5 4.08E-02 000.3 322.9 -05.0 14.78957 2.336810 22.29066 hargrave 2019-11-04 21:44:11
AF  30 271.8 -52.6 271.8 -52.6 3.54E-02 000.3 322.6 -06.3 13.33724 2.294395 19.39861 hargrave 2019-11-04 21:45:30
AF  40 270.5 -51.0 270.5 -51.0 2.82E-02 000.4 320.8 -06.7 11.01728 2.198856 15.64059 hargrave 2019-11-04 21:46:49
AF  50 271.9 -47.5 271.9 -47.5 2.27E-02 000.4 317.6 -05.0 9.534274 2.048871 12.93683 hargrave 2019-11-04 21:48:07
AF  60 274.9 -40.6 274.9 -40.6 1.77E-02 000.4 311.6 -01.2 7.816847 2.443262 10.59767 hargrave 2019-11-04 21:50:15
AF  70 279.8 -30.6 279.8 -30.6 1.44E-02 000.5 303.2  05.6 7.817800 3.348503 9.213876 hargrave 2019-11-04 21:51:34
AF  80 284.8 -18.1 284.8 -18.1 1.24E-02 000.6 292.7  14.0 7.532162 4.007901 8.447345 hargrave 2019-11-04 21:52:52
AF  90 289.0 -06.5 289.0 -06.5 1.16E-02 000.6 282.5  21.5 7.331815 4.510792 8.179902 hargrave 2019-11-04 21:55:00
AF 100 292.2  02.3 292.2  02.3 1.15E-02 000.6 274.1  26.9 7.710337 4.936286 8.188653 hargrave 2019-11-04 21:56:18
AF 120 295.5  12.0 295.5  12.0 1.16E-02 000.6 263.8  31.9 7.716323 5.313680 8.246569 hargrave 2019-11-04 21:57:37
AF 140 297.3  17.1 297.3  17.1 1.18E-02 000.6 258.0  34.2 8.032281 5.456803 8.260835 hargrave 2019-11-04 21:58:56
AF 160 298.0  19.5 298.0  19.5 1.17E-02 000.6 255.2  35.0 7.953725 5.351774 8.224676 hargrave 2019-11-04 22:00:15
AF 180 298.4  20.9 298.4  20.9 1.16E-02 000.6 253.5  35.4 7.767778 5.312703 8.084857 hargrave 2019-11-04 22:01:34
AF 200 298.8  21.8 298.8  21.8 1.14E-02 000.6 252.4  35.8 7.312984 5.291257 7.910914 hargrave 2019-11-04 22:03:41
AF 220 298.8  22.5 298.8  22.5 1.12E-02 000.6 251.5  35.9 7.405598 5.092012 7.770048 hargrave 2019-11-04 22:04:59
AF 240 298.9  23.0 298.9  23.0 1.08E-02 000.6 250.8  35.9 7.247141 4.908959 7.492241 hargrave 2019-11-04 22:06:18
AF 260 299.1  23.5 299.1  23.5 1.05E-02 000.6 250.2  36.1 6.982496 4.736065 7.228035 hargrave 2019-11-04 22:07:37
AF 280 299.0  24.1 299.0  24.1 1.01E-02 000.6 249.5  36.0 6.633536 4.560848 6.943612 hargrave 2019-11-04 22:08:56
AF 300 299.1  24.6 299.1  24.6 9.62E-03 000.6 248.9  36.1 6.398558 4.240881 6.640862 hargrave 2019-11-04 22:10:14
AF 320 299.1  24.9 299.1  24.9 9.18E-03 000.6 248.5  36.1 5.943321 4.122543 6.296143 hargrave 2019-11-04 22:12:22
AF 340 299.1  25.6 299.1  25.6 8.75E-03 000.6 247.7  36.1 5.825731 3.912009 6.025204 hargrave 2019-11-04 22:13:41
AF 360 299.3  26.0 299.3  26.0 8.34E-03 000.6 247.1  36.2 5.504470 3.723173 5.743522 hargrave 2019-11-04 22:15:00
AF 380 299.3  26.6 299.3  26.6 7.94E-03 000.6 246.4  36.2 5.323895 3.519470 5.470240 hargrave 2019-11-04 22:16:19
AF 400 299.6  26.7 299.6  26.7 7.55E-03 000.6 246.3  36.5 5.034812 3.332391 5.172252 hargrave 2019-11-04 22:17:38
AF 420 299.7  27.1 299.7  27.1 7.18E-03 000.6 245.7  36.5 4.576907 3.303806 4.877198 hargrave 2019-11-04 22:19:45
AF 440 299.8  27.5 299.8  27.5 6.83E-03 000.6 245.3  36.6 4.661069 2.998690 4.648602 hargrave 2019-11-04 22:21:04
AF 460 299.9  27.8 299.9  27.8 6.51E-03 000.6 244.9  36.7 4.413548 2.859696 4.433129 hargrave 2019-11-04 22:22:23
AF 480 300.0  28.0 300.0  28.0 6.23E-03 000.6 244.6  36.7 4.282825 2.746879 4.257705 hargrave 2019-11-04 22:23:42
AF 500 300.2  28.7 300.2  28.7 5.91E-03 000.6 243.7  36.9 4.078734 2.621672 3.995301 hargrave 2019-11-04 22:25:01
AF 540 300.7  29.1 300.7  29.1 5.42E-03 000.6 243.2  37.2 3.728789 2.417918 3.664745 hargrave 2019-11-04 22:26:20
AF 580 301.1  29.9 301.1  29.9 4.93E-03 000.6 242.2  37.5 3.419922 2.248455 3.303540 hargrave 2019-11-04 22:27:39
AF 620 301.3  30.4 301.3  30.4 4.50E-03 000.6 241.5  37.6 3.219038 2.041083 3.006596 hargrave 2019-11-04 22:28:58
AF 660 301.7  31.3 301.7  31.3 4.13E-03 000.6 240.3  37.8 2.961008 1.883732 2.748897 hargrave 2019-11-04 22:30:18
AF 700 302.3  31.7 302.3  31.7 3.77E-03 000.6 239.7  38.2 2.729495 1.761189 2.521645 hargrave 2019-11-04 22:31:38
AF 740 302.9  32.4 302.9  32.4 3.43E-03 000.6 238.7  38.6 2.525223 1.604867 2.312421 hargrave 2019-11-04 22:32:57
AF 780 302.8  32.4 302.8  32.4 3.15E-03 000.6 238.8  38.6 2.361859 1.443050 2.097710 hargrave 2019-11-04 22:34:16
AF 820 304.8  34.2 304.8  34.2 2.88E-03 000.6 236.0  39.8 2.134300 1.436391 1.889297 hargrave 2019-11-04 22:36:25
AF 860 304.9  34.7 304.9  34.7 2.59E-03 000.6 235.3  39.8 2.074810 1.301848 1.697692 hargrave 2019-11-04 22:37:44
AF 900 305.1  35.6 305.1  35.6 2.37E-03 000.6 234.1  39.8 1.892652 1.135127 1.599898 hargrave 2019-11-04 22:39:04
AF 950 306.6  36.5 306.6  36.5 2.09E-03 000.6 232.6  40.8 1.697964 1.075514 1.391382 hargrave 2019-11-04 22:40:23
AF1000 309.1  37.6 309.1  37.6 1.84E-03 000.7 230.5  42.4 1.569268 0.965601 1.209238 hargrave 2019-11-04 22:41:43
AF1050 310.4  38.4 310.4  38.4 1.64E-03 000.7 229.0  43.1 1.418279 0.853494 1.033313 hargrave 2019-11-04 22:43:03
AF1100 312.4  39.9 312.4  39.9 1.41E-03 000.7 226.2  43.9 1.277860 0.781091 0.918326 hargrave 2019-11-04 22:44:23
AF1150 314.9  42.4 314.9  42.4 1.21E-03 000.7 222.0  44.5 1.122935 0.675471 0.773766 hargrave 2019-11-04 22:45:45
AF1200 317.1  42.1 317.1  42.1 1.07E-03 000.7 221.2  46.1 1.005233 0.623184 0.692254 hargrave 2019-11-04 22:47:05
AF1250 322.8  44.8 322.8  44.8 9.24E-04 000.7 214.4  48.0 0.920647 0.613341 0.566604 hargrave 2019-11-04 22:48:27
AF1300 328.2  45.9 328.2  45.9 7.82E-04 000.8 209.3  50.0 0.844923 0.568569 0.460270 hargrave 2019-11-04 22:49:49
