FC4- 6a mag compass orientation (IGRF corrected)
      0  21.1  89.0   0.0   0.0   1.0
NRM    090.3  12.9 090.3  12.9 7.07E-02 001.4 124.5 -65.1 68.34922 143.9420 76.86360 hargrave 2019-10-31 21:54:41 
AF  10 090.7  12.8 090.7  12.8 6.98E-02 001.9 124.9 -65.5 110.0049 200.1334 80.84527 hargrave 2019-10-31 21:56:01 
AF  20 093.0  13.3 093.0  13.3 6.65E-02 001.0 129.1 -67.0 47.63305 83.73804 78.10005 hargrave 2019-10-31 21:57:20 
AF  30 096.9  13.5 096.9  13.5 6.12E-02 000.8 136.3 -69.8 52.15431 52.74272 69.38662 hargrave 2019-10-31 21:58:39 
AF  40 101.0  12.9 101.0  12.9 5.47E-02 000.7 144.5 -72.8 43.22294 39.93546 58.28237 hargrave 2019-10-31 21:59:58 
AF  50 103.0  11.8 103.0  11.8 5.15E-02 000.6 148.0 -74.9 35.28935 31.43973 56.01488 hargrave 2019-10-31 22:01:17 
AF  75 104.2  12.5 104.2  12.5 3.57E-02 000.5 153.4 -74.9 20.41962 16.91495 26.98314 hargrave 2019-10-31 22:02:37 
AF 100 102.9  19.4 102.9  19.4 1.92E-02 000.6 158.8 -68.1 11.31983 8.893570 16.48501 hargrave 2019-10-31 22:03:56 
AF 125 099.9  30.8 099.9  30.8 1.05E-02 000.6 162.5 -56.5 6.256134 4.562165 10.42792 hargrave 2019-10-31 22:05:15 
AF 150 085.7  54.6 085.7  54.6 5.40E-03 000.7 163.2 -30.6 2.798640 2.052174 6.195395 hargrave 2019-10-31 22:06:35 
AF 175 014.9  73.0 014.9  73.0 3.91E-03 000.6 163.0  02.8 1.218811 1.812200 3.910986 hargrave 2019-10-31 22:07:54 
AF 200 321.5  60.1 321.5  60.1 3.85E-03 000.5 163.6  26.4 0.944384 2.097214 2.721417 hargrave 2019-10-31 22:09:13 
AF 225 309.0  49.2 309.0  49.2 3.99E-03 000.5 165.0  39.4 1.117972 2.434697 1.939121 hargrave 2019-10-31 22:11:22 
AF 250 304.4  43.4 304.4  43.4 4.10E-03 000.4 166.0  46.0 1.295365 2.348371 1.579147 hargrave 2019-10-31 22:12:41 
AF 275 301.7  40.0 301.7  40.0 4.12E-03 000.4 167.4  49.8 1.378919 2.385911 1.361287 hargrave 2019-10-31 22:14:00 
AF 300 299.8  38.3 299.8  38.3 4.02E-03 000.4 168.9  51.8 1.352531 2.315106 1.241829 hargrave 2019-10-31 22:15:20 
AF 350 297.9  37.0 297.9  37.0 3.80E-03 000.4 170.8  53.5 1.228913 2.179420 1.059514 hargrave 2019-10-31 22:17:27 
AF 400 297.2  36.3 297.2  36.3 3.54E-03 000.4 171.5  54.3 1.155839 1.937995 1.005138 hargrave 2019-10-31 22:18:47 
AF 450 295.9  36.3 295.9  36.3 3.30E-03 000.4 173.4  54.4 1.085032 1.747095 0.938872 hargrave 2019-10-31 22:20:06 
AF 500 295.5  37.4 295.5  37.4 3.11E-03 000.4 174.1  53.3 0.988687 1.665508 0.974573 hargrave 2019-10-31 22:21:25 
AF 550 295.5  37.5 295.5  37.5 2.92E-03 000.4 174.1  53.2 0.914396 1.513787 0.910310 hargrave 2019-10-31 22:22:44 
AF 600 296.1  38.1 296.1  38.1 2.73E-03 000.4 173.6  52.7 0.830093 1.335891 0.829383 hargrave 2019-10-31 22:24:03 
AF 650 295.7  38.9 295.7  38.9 2.57E-03 000.4 174.2  51.9 0.767907 1.250523 0.807017 hargrave 2019-10-31 22:25:23 
AF 700 296.8  39.7 296.8  39.7 2.43E-03 000.4 173.1  51.0 0.708164 1.094011 0.784646 hargrave 2019-10-31 22:26:42 
AF 750 295.7  40.3 295.7  40.3 2.24E-03 000.4 174.5  50.5 0.625260 1.053605 0.775348 hargrave 2019-10-31 22:28:02 
AF 800 295.9  41.3 295.9  41.3 2.12E-03 000.4 174.5  49.5 0.585327 0.976115 0.750888 hargrave 2019-10-31 22:29:22 
AF 900 296.5  42.9 296.5  42.9 1.82E-03 000.4 174.1  47.8 0.433194 0.797410 0.715095 hargrave 2019-10-31 22:30:41 
AF1000 297.6  43.9 297.6  43.9 1.61E-03 000.3 173.1  46.7 0.403131 0.686524 0.629187 hargrave 2019-10-31 22:32:01 
AF1100 302.9  47.0 302.9  47.0 1.33E-03 000.3 169.0  42.9 0.251030 0.452850 0.593158 hargrave 2019-10-31 22:33:21 
AF1200 304.2  46.9 304.2  46.9 1.11E-03 000.3 167.9  42.7 0.241904 0.359645 0.489322 hargrave 2019-10-31 22:34:42 
AF1300 306.1  51.9 306.1  51.9 8.44E-04 000.3 168.4  37.6 0.189347 0.254288 0.415340 hargrave 2019-10-31 22:36:04 
