HCT1- 5a sun compass orientation
      0   5.4  11.0   0.0   0.0   1.0
NRM    272.4  47.4 272.4  47.4 1.62E-02 000.5 356.1  58.4 7.480076 4.839044 11.93139 hargrave 2019-10-30 18:47:57 
AF  10 270.7  47.1 270.7  47.1 1.60E-02 000.5 354.0  58.0 6.891433 5.595949 11.71504 hargrave 2019-10-30 18:49:16 
AF  20 270.2  45.6 270.2  45.6 1.56E-02 000.5 353.3  56.6 6.601890 5.573319 11.76030 hargrave 2019-10-30 18:50:35 
AF  30 272.1  43.0 272.1  43.0 1.52E-02 000.5 355.9  53.9 6.437287 5.348397 11.90999 hargrave 2019-10-30 18:51:55 
AF  40 274.8  40.5 274.8  40.5 1.50E-02 000.5 359.2  51.5 6.333790 5.045533 12.10281 hargrave 2019-10-30 18:53:14 
AF  50 275.9  39.4 275.9  39.4 1.49E-02 000.5 000.6  50.4 6.241348 4.819438 12.13175 hargrave 2019-10-30 18:54:33 
AF  60 276.5  38.8 276.5  38.8 1.47E-02 000.5 001.3  49.8 6.177191 4.703725 11.99447 hargrave 2019-10-30 18:56:41 
AF  70 276.7  38.3 276.7  38.3 1.45E-02 000.5 001.6  49.3 6.007794 4.525898 11.95312 hargrave 2019-10-30 18:58:00 
AF  80 276.8  37.8 276.8  37.8 1.41E-02 000.5 001.7  48.8 5.807353 4.437740 11.69100 hargrave 2019-10-30 18:59:19 
AF  90 277.0  37.1 277.0  37.1 1.37E-02 000.5 001.9  48.1 5.553016 4.257337 11.38468 hargrave 2019-10-30 19:00:38 
AF 100 277.1  36.3 277.1  36.3 1.32E-02 000.5 002.0  47.3 5.244127 3.940519 11.01361 hargrave 2019-10-30 19:01:58 
AF 120 277.4  34.8 277.4  34.8 1.22E-02 000.5 002.4  45.8 4.698320 3.451652 10.28024 hargrave 2019-10-30 19:03:17 
AF 140 277.6  33.0 277.6  33.0 1.13E-02 000.5 002.5  44.0 4.182655 3.147796 9.596160 hargrave 2019-10-30 19:04:36 
AF 160 277.7  31.7 277.7  31.7 1.06E-02 000.5 002.7  42.7 3.810343 2.674737 8.965556 hargrave 2019-10-30 19:06:44 
AF 180 277.7  30.6 277.7  30.6 9.92E-03 000.5 002.7  41.6 3.491788 2.408652 8.519880 hargrave 2019-10-30 19:08:03 
AF 200 277.9  29.8 277.9  29.8 9.35E-03 000.5 002.8  40.8 3.218383 2.323336 8.092168 hargrave 2019-10-30 19:09:23 
AF 220 277.9  29.2 277.9  29.2 8.82E-03 000.5 002.9  40.1 3.057188 2.186845 7.598832 hargrave 2019-10-30 19:11:31 
AF 240 277.8  28.6 277.8  28.6 8.33E-03 000.5 002.8  39.6 2.825520 2.016714 7.215405 hargrave 2019-10-30 19:12:50 
AF 260 278.1  28.2 278.1  28.2 7.82E-03 000.5 003.1  39.1 2.668091 1.960183 6.717162 hargrave 2019-10-30 19:14:57 
AF 280 278.3  27.8 278.3  27.8 7.32E-03 000.5 003.3  38.8 2.494567 1.737642 6.304902 hargrave 2019-10-30 19:16:17 
AF 300 278.3  27.6 278.3  27.6 6.83E-03 000.5 003.3  38.6 2.319777 1.577614 5.887090 hargrave 2019-10-30 19:17:36 
AF 320 278.5  27.4 278.5  27.4 6.38E-03 000.5 003.5  38.4 2.180397 1.682140 5.471766 hargrave 2019-10-30 19:18:55 
AF 340 278.7  27.1 278.7  27.1 5.99E-03 000.5 003.8  38.1 2.008685 1.459996 5.134523 hargrave 2019-10-30 19:20:14 
AF 360 278.8  27.1 278.8  27.1 5.63E-03 000.5 003.8  38.1 1.963901 1.430022 4.785798 hargrave 2019-10-30 19:21:33 
AF 380 279.1  27.0 279.1  27.0 5.28E-03 000.5 004.2  38.0 1.865186 1.280256 4.496255 hargrave 2019-10-30 19:22:52 
AF 400 279.2  27.1 279.2  27.1 5.00E-03 000.5 004.3  38.0 1.778096 1.345683 4.250378 hargrave 2019-10-30 19:24:11 
AF 420 279.7  27.1 279.7  27.1 4.72E-03 000.5 004.9  38.1 1.713786 1.312322 4.002997 hargrave 2019-10-30 19:25:30 
AF 440 279.4  27.1 279.4  27.1 4.48E-03 000.5 004.5  38.0 1.648923 1.165396 3.766206 hargrave 2019-10-30 19:26:50 
AF 460 279.8  27.4 279.8  27.4 4.23E-03 000.5 005.0  38.3 1.596248 1.196176 3.559817 hargrave 2019-10-30 19:28:09 
AF 480 279.6  27.3 279.6  27.3 4.05E-03 000.5 004.8  38.3 1.514345 1.107673 3.390244 hargrave 2019-10-30 19:29:28 
AF 500 279.9  27.2 279.9  27.2 3.89E-03 000.5 005.1  38.2 1.531470 1.202070 3.237693 hargrave 2019-10-30 19:30:47 
AF 540 280.3  27.7 280.3  27.7 3.59E-03 000.5 005.5  38.7 1.435151 1.127493 2.952137 hargrave 2019-10-30 19:32:06 
AF 580 280.6  27.7 280.6  27.7 3.32E-03 000.5 005.9  38.7 1.365760 1.095837 2.720818 hargrave 2019-10-30 19:33:25 
AF 620 280.9  28.1 280.9  28.1 3.06E-03 000.5 006.3  39.0 1.292104 0.993742 2.513111 hargrave 2019-10-30 19:34:44 
AF 660 281.1  28.2 281.1  28.2 2.86E-03 000.5 006.5  39.2 1.243905 0.951641 2.325603 hargrave 2019-10-30 19:36:03 
AF 700 281.6  28.4 281.6  28.4 2.69E-03 000.5 007.1  39.3 1.162082 0.951435 2.183469 hargrave 2019-10-30 19:37:22 
AF 740 281.5  28.9 281.5  28.9 2.52E-03 000.6 007.0  39.8 1.183362 0.961292 2.000617 hargrave 2019-10-30 19:38:41 
AF 780 282.5  28.7 282.5  28.7 2.37E-03 000.6 008.1  39.6 1.107531 0.865418 1.908017 hargrave 2019-10-30 19:40:00 
AF 820 281.8  28.9 281.8  28.9 2.21E-03 000.6 007.3  39.8 1.047760 0.824257 1.754827 hargrave 2019-10-30 19:41:19 
AF 860 282.1  29.0 282.1  29.0 2.07E-03 000.6 007.7  40.0 0.992501 0.768281 1.650037 hargrave 2019-10-30 19:42:38 
AF 900 282.1  29.0 282.1  29.0 1.94E-03 000.6 007.6  39.9 0.951133 0.763759 1.527005 hargrave 2019-10-30 19:43:58 
AF 950 282.8  29.2 282.8  29.2 1.78E-03 000.6 008.4  40.1 0.853427 0.668481 1.390359 hargrave 2019-10-30 19:45:17 
AF1000 283.5  29.1 283.5  29.1 1.64E-03 000.6 009.2  40.0 0.806277 0.642612 1.268470 hargrave 2019-10-30 19:46:37 
AF1050 282.8  28.3 282.8  28.3 1.50E-03 000.6 008.5  39.2 0.712063 0.583417 1.154972 hargrave 2019-10-30 19:47:57 
AF1100 283.1  28.8 283.1  28.8 1.37E-03 000.6 008.8  39.6 0.700117 0.527926 1.081404 hargrave 2019-10-30 19:49:18 
AF1150 284.5  28.9 284.5  28.9 1.24E-03 000.6 010.4  39.8 0.624341 0.517139 0.943797 hargrave 2019-10-30 19:50:38 
AF1200 283.2  28.9 283.2  28.9 1.14E-03 000.5 008.9  39.8 0.521975 0.407108 0.862334 hargrave 2019-10-30 19:51:59 
AF1250 282.8  29.4 282.8  29.4 1.06E-03 000.5 008.5  40.3 0.476748 0.379200 0.822945 hargrave 2019-10-30 19:54:09 
AF1300 282.3  28.2 282.3  28.2 9.60E-04 000.5 007.9  39.1 0.408643 0.342035 0.760723 hargrave 2019-10-30 19:55:31 
