HCT1- 7a sun compass orientation
      0  42.0  12.0   0.0   0.0   1.0
NRM    242.3  09.1 242.3  09.1 5.88E-02 000.5 288.1  13.1 23.88740 64.77154 33.27794 hargrave 2019-10-30 21:06:07 
AF  10 242.3  08.8 242.3  08.8 5.84E-02 000.5 288.1  12.8 22.40900 62.13705 35.41290 hargrave 2019-10-30 21:07:26 
AF  20 243.1  08.8 243.1  08.8 5.63E-02 000.4 289.0  12.9 13.59249 34.07757 34.47874 hargrave 2019-10-30 21:08:45 
AF  30 244.7  09.5 244.7  09.5 5.25E-02 000.4 290.4  13.9 12.98781 30.94785 32.20982 hargrave 2019-10-30 21:10:04 
AF  40 246.8  11.0 246.8  11.0 4.62E-02 000.4 292.2  15.8 12.35652 27.47075 28.37848 hargrave 2019-10-30 21:11:23 
AF  50 248.8  12.8 248.8  12.8 4.08E-02 000.4 293.8  17.9 11.66315 24.64695 25.26762 hargrave 2019-10-30 21:12:42 
AF  60 251.5  15.3 251.5  15.3 3.48E-02 000.5 296.0  20.9 11.16514 21.71993 21.67018 hargrave 2019-10-30 21:14:01 
AF  70 254.4  17.9 254.4  17.9 2.99E-02 000.5 298.4  24.0 10.39561 19.23258 18.70872 hargrave 2019-10-30 21:15:20 
AF  80 258.0  21.0 258.0  21.0 2.55E-02 000.5 301.4  27.7 9.748791 16.89405 16.12541 hargrave 2019-10-30 21:16:39 
AF  90 261.4  23.9 261.4  23.9 2.22E-02 000.5 304.4  31.2 8.806323 14.85902 14.22457 hargrave 2019-10-30 21:17:57 
AF 100 264.5  26.3 264.5  26.3 1.97E-02 000.6 307.2  34.0 8.937792 13.67235 12.76652 hargrave 2019-10-30 21:19:16 
AF 120 269.3  29.6 269.3  29.6 1.64E-02 000.6 311.5  38.0 7.945807 11.59930 11.11498 hargrave 2019-10-30 21:20:35 
AF 140 272.6  31.3 272.6  31.3 1.42E-02 000.6 314.8  40.2 7.285734 10.02588 9.448841 hargrave 2019-10-30 21:21:53 
AF 160 275.0  32.5 275.0  32.5 1.27E-02 000.6 317.2  41.7 6.607896 8.902948 8.480276 hargrave 2019-10-30 21:23:12 
AF 180 276.7  33.2 276.7  33.2 1.15E-02 000.6 318.9  42.6 6.194009 8.001898 7.743087 hargrave 2019-10-30 21:24:31 
AF 200 278.1  33.7 278.1  33.7 1.06E-02 000.6 320.3  43.3 5.710161 7.312932 7.166469 hargrave 2019-10-30 21:25:50 
AF 220 279.2  34.1 279.2  34.1 9.89E-03 000.6 321.5  43.9 5.318423 6.745137 6.643627 hargrave 2019-10-30 21:27:09 
AF 240 280.0  34.3 280.0  34.3 9.18E-03 000.6 322.4  44.1 4.940485 6.193210 6.170950 hargrave 2019-10-30 21:28:28 
AF 260 280.6  34.5 280.6  34.5 8.53E-03 000.6 323.0  44.4 4.558399 5.765279 5.750115 hargrave 2019-10-30 21:29:46 
AF 280 281.2  34.5 281.2  34.5 7.91E-03 000.6 323.7  44.5 4.230768 5.273197 5.316783 hargrave 2019-10-30 21:31:06 
AF 300 281.6  34.5 281.6  34.5 7.31E-03 000.6 324.2  44.5 3.848495 4.740498 4.920148 hargrave 2019-10-30 21:32:25 
AF 320 282.1  34.6 282.1  34.6 6.81E-03 000.6 324.7  44.7 3.548276 4.382466 4.562290 hargrave 2019-10-30 21:33:44 
AF 340 282.4  34.6 282.4  34.6 6.32E-03 000.6 325.1  44.7 3.287246 4.029718 4.229600 hargrave 2019-10-30 21:35:03 
AF 360 282.8  34.9 282.8  34.9 5.89E-03 000.6 325.4  45.1 3.054154 3.698599 3.898772 hargrave 2019-10-30 21:36:21 
AF 380 283.1  34.8 283.1  34.8 5.49E-03 000.6 325.8  45.0 2.773205 3.401093 3.629046 hargrave 2019-10-30 21:37:40 
AF 400 283.3  34.7 283.3  34.7 5.16E-03 000.6 326.0  44.9 2.545536 3.195179 3.410740 hargrave 2019-10-30 21:38:59 
AF 420 283.5  34.9 283.5  34.9 4.84E-03 000.6 326.3  45.2 2.412858 3.008665 3.207010 hargrave 2019-10-30 21:40:18 
AF 440 283.8  34.8 283.8  34.8 4.54E-03 000.6 326.6  45.1 2.236881 2.759505 2.998286 hargrave 2019-10-30 21:41:37 
AF 460 284.1  34.9 284.1  34.9 4.29E-03 000.6 327.0  45.3 2.106265 2.571088 2.790862 hargrave 2019-10-30 21:42:56 
AF 480 284.6  35.3 284.6  35.3 4.05E-03 000.6 327.5  45.7 1.928143 2.402877 2.626377 hargrave 2019-10-30 21:44:15 
AF 500 284.8  35.2 284.8  35.2 3.87E-03 000.5 327.7  45.7 1.834249 2.247183 2.532128 hargrave 2019-10-30 21:45:34 
AF 540 285.4  35.2 285.4  35.2 3.52E-03 000.5 328.4  45.7 1.612324 2.049879 2.284703 hargrave 2019-10-30 21:46:53 
AF 580 285.7  35.5 285.7  35.5 3.22E-03 000.5 328.7  46.0 1.462542 1.818000 2.095320 hargrave 2019-10-30 21:48:12 
AF 620 285.5  35.2 285.5  35.2 2.98E-03 000.5 328.5  45.7 1.323410 1.680865 1.900306 hargrave 2019-10-30 21:49:31 
AF 660 286.2  35.4 286.2  35.4 2.74E-03 000.5 329.4  45.9 1.226424 1.529569 1.828925 hargrave 2019-10-30 21:50:49 
AF 700 286.6  35.3 286.6  35.3 2.54E-03 000.5 329.8  45.9 1.127249 1.398180 1.640765 hargrave 2019-10-30 21:52:08 
AF 740 286.9  35.4 286.9  35.4 2.36E-03 000.5 330.1  46.1 1.024749 1.328483 1.518051 hargrave 2019-10-30 21:53:27 
AF 780 288.1  35.5 288.1  35.5 2.18E-03 000.5 331.5  46.3 0.929868 1.171066 1.371324 hargrave 2019-10-30 21:54:46 
AF 820 288.3  36.0 288.3  36.0 2.04E-03 000.5 331.7  46.8 0.901117 1.137463 1.308375 hargrave 2019-10-30 21:56:05 
AF 860 288.1  35.9 288.1  35.9 1.90E-03 000.5 331.4  46.7 0.841090 1.036046 1.217991 hargrave 2019-10-30 21:57:24 
AF 900 288.7  35.5 288.7  35.5 1.76E-03 000.5 332.2  46.3 0.735570 0.950512 1.079428 hargrave 2019-10-30 21:58:43 
AF 950 288.4  35.6 288.4  35.6 1.61E-03 000.5 331.9  46.4 0.704151 0.888791 1.011287 hargrave 2019-10-30 22:00:02 
AF1000 289.5  34.8 289.5  34.8 1.43E-03 000.5 333.3  45.7 0.625732 0.823855 0.918358 hargrave 2019-10-30 22:01:21 
AF1050 289.8  35.8 289.8  35.8 1.31E-03 000.6 333.5  46.7 0.585001 0.813869 0.847191 hargrave 2019-10-30 22:02:41 
AF1100 290.9  34.8 290.9  34.8 1.17E-03 000.6 334.9  45.8 0.538782 0.713121 0.752148 hargrave 2019-10-30 22:04:00 
AF1150 291.8  33.2 291.8  33.2 1.06E-03 000.6 336.2  44.3 0.508061 0.690740 0.690330 hargrave 2019-10-30 22:05:20 
AF1200 291.7  35.3 291.7  35.3 9.84E-04 000.6 335.8  46.4 0.474155 0.587378 0.637854 hargrave 2019-10-30 22:06:41 
AF1250 294.1  34.9 294.1  34.9 8.94E-04 000.6 338.6  46.2 0.484568 0.628063 0.562839 hargrave 2019-10-30 22:08:02 
AF1300 293.1  33.9 293.1  33.9 7.80E-04 000.6 337.6  45.1 0.402294 0.569485 0.496823 hargrave 2019-10-30 22:09:23 
