HCT1- 2a sun compass orientation
      0  14.7  16.0   0.0   0.0   1.0
NRM    268.4  52.3 268.4  52.3 1.74E-02 000.5 333.7  67.3 7.384879 9.630991 8.632362 hargrave 2019-10-30 15:14:42 
AF  10 271.0  51.2 271.0  51.2 1.75E-02 000.5 338.2  66.5 7.662400 10.87544 8.778159 hargrave 2019-10-30 15:16:01 
AF  20 279.3  47.6 279.3  47.6 1.78E-02 000.5 351.9  63.5 8.118415 10.35271 9.622486 hargrave 2019-10-30 15:17:21 
AF  30 286.1  43.7 286.1  43.7 1.82E-02 000.5 002.0  59.7 8.471456 9.723776 10.54600 hargrave 2019-10-30 15:19:34 
AF  40 290.4  40.4 290.4  40.4 1.85E-02 000.5 007.9  56.3 8.619548 9.353023 11.21738 hargrave 2019-10-30 15:21:43 
AF  50 292.0  38.8 292.0  38.8 1.84E-02 000.5 009.8  54.6 8.522410 8.937632 11.43535 hargrave 2019-10-30 15:23:52 
AF  60 292.8  37.7 292.8  37.7 1.81E-02 000.5 010.8  53.5 8.433227 8.872463 11.39996 hargrave 2019-10-30 15:25:12 
AF  70 293.3  37.0 293.3  37.0 1.77E-02 000.5 011.4  52.8 8.178787 8.719596 11.22036 hargrave 2019-10-30 15:26:32 
AF  80 293.7  36.5 293.7  36.5 1.71E-02 000.5 011.8  52.3 7.903921 8.239510 10.91639 hargrave 2019-10-30 15:27:53 
AF  90 293.9  36.0 293.9  36.0 1.65E-02 000.5 012.1  51.7 7.602725 7.966406 10.54418 hargrave 2019-10-30 15:29:14 
AF 100 294.2  35.7 294.2  35.7 1.57E-02 000.5 012.4  51.4 7.288776 7.580470 10.09147 hargrave 2019-10-30 15:30:34 
AF 120 294.9  35.0 294.9  35.0 1.44E-02 000.5 013.2  50.7 6.757663 6.704434 9.281313 hargrave 2019-10-30 15:31:55 
AF 140 295.5  34.5 295.5  34.5 1.30E-02 000.5 013.9  50.1 6.135792 6.090536 8.487621 hargrave 2019-10-30 15:33:16 
AF 160 296.1  33.8 296.1  33.8 1.19E-02 000.5 014.7  49.4 5.651066 5.286915 7.819488 hargrave 2019-10-30 15:34:37 
AF 180 296.4  33.3 296.4  33.3 1.09E-02 000.5 015.0  48.9 5.877569 5.344419 6.794321 hargrave 2019-10-30 15:43:32 
AF 200 296.9  32.9 296.9  32.9 1.01E-02 000.5 015.6  48.4 5.466692 4.988284 6.300916 hargrave 2019-10-30 15:44:53 
AF 220 297.3  32.6 297.3  32.6 9.45E-03 000.5 015.9  48.2 5.060665 4.504914 5.819338 hargrave 2019-10-30 15:46:13 
AF 240 297.7  32.5 297.7  32.5 8.79E-03 000.5 016.4  48.0 4.851393 4.257815 5.495809 hargrave 2019-10-30 15:47:33 
AF 260 298.0  32.4 298.0  32.4 8.23E-03 000.5 016.9  47.9 4.529887 3.952937 5.166938 hargrave 2019-10-30 15:48:53 
AF 280 298.3  32.2 298.3  32.2 7.71E-03 000.5 017.2  47.7 4.386801 3.623461 4.842506 hargrave 2019-10-30 15:50:13 
AF 300 299.0  32.1 299.0  32.1 7.25E-03 000.5 018.0  47.5 4.143945 3.370436 4.587392 hargrave 2019-10-30 15:52:23 
AF 320 298.8  31.9 298.8  31.9 6.80E-03 000.5 017.7  47.3 3.919281 3.151132 4.280358 hargrave 2019-10-30 15:53:43 
AF 340 299.2  32.1 299.2  32.1 6.39E-03 000.6 018.2  47.5 3.737608 3.010843 4.042998 hargrave 2019-10-30 15:55:04 
AF 360 299.5  32.2 299.5  32.2 6.09E-03 000.6 018.7  47.6 3.568009 2.831144 3.816388 hargrave 2019-10-30 15:56:25 
AF 380 299.4  31.8 299.4  31.8 5.79E-03 000.5 018.5  47.2 3.395846 2.584759 3.649008 hargrave 2019-10-30 15:57:44 
AF 400 299.9  32.1 299.9  32.1 5.47E-03 000.6 019.1  47.4 3.265257 2.526364 3.466477 hargrave 2019-10-30 15:59:04 
AF 420 299.6  32.2 299.6  32.2 5.24E-03 000.6 018.8  47.5 3.164440 2.414875 3.282184 hargrave 2019-10-30 16:00:24 
AF 440 300.3  32.0 300.3  32.0 5.03E-03 000.6 019.6  47.3 3.053576 2.303377 3.177771 hargrave 2019-10-30 16:01:44 
AF 460 300.0  31.9 300.0  31.9 4.84E-03 000.6 019.2  47.2 2.932692 2.242547 3.062078 hargrave 2019-10-30 16:03:04 
AF 480 299.8  31.8 299.8  31.8 4.67E-03 000.6 019.0  47.1 2.877461 2.171430 2.980120 hargrave 2019-10-30 16:04:25 
AF 500 300.3  32.0 300.3  32.0 4.49E-03 000.6 019.6  47.3 2.728131 2.056014 2.838715 hargrave 2019-10-30 16:05:45 
AF 540 300.9  32.2 300.9  32.2 4.24E-03 000.6 020.4  47.5 2.616010 1.967170 2.697834 hargrave 2019-10-30 16:07:05 
AF 580 300.5  32.7 300.5  32.7 4.01E-03 000.6 020.0  47.9 2.532503 1.947917 2.546129 hargrave 2019-10-30 16:08:26 
AF 620 301.1  32.4 301.1  32.4 3.81E-03 000.6 020.7  47.6 2.370808 1.793464 2.391356 hargrave 2019-10-30 16:09:46 
AF 660 301.5  32.9 301.5  32.9 3.58E-03 000.6 021.3  48.1 2.321461 1.743224 2.234735 hargrave 2019-10-30 16:11:06 
AF 700 300.8  33.5 300.8  33.5 3.41E-03 000.6 020.5  48.7 2.114859 1.585629 2.106277 hargrave 2019-10-30 16:12:26 
AF 740 300.7  32.8 300.7  32.8 3.22E-03 000.6 020.3  48.0 2.015652 1.558261 2.016001 hargrave 2019-10-30 16:13:46 
AF 780 301.3  33.6 301.3  33.6 3.04E-03 000.6 021.1  48.7 1.896953 1.430018 1.882195 hargrave 2019-10-30 16:15:06 
AF 820 301.5  33.7 301.5  33.7 2.87E-03 000.6 021.4  48.8 1.805438 1.351670 1.774622 hargrave 2019-10-30 16:16:26 
AF 860 301.6  33.5 301.6  33.5 2.71E-03 000.6 021.6  48.6 1.730199 1.309988 1.688790 hargrave 2019-10-30 16:17:47 
AF 900 302.0  34.2 302.0  34.2 2.56E-03 000.6 022.1  49.3 1.644388 1.257973 1.601627 hargrave 2019-10-30 16:19:07 
AF 950 301.5  34.7 301.5  34.7 2.35E-03 000.6 021.6  49.9 1.460234 1.124951 1.448472 hargrave 2019-10-30 16:20:27 
AF1000 301.3  34.4 301.3  34.4 2.18E-03 000.6 021.3  49.6 1.422614 1.091183 1.344129 hargrave 2019-10-30 16:21:48 
AF1050 301.6  33.6 301.6  33.6 2.03E-03 000.6 021.6  48.8 1.265371 0.942524 1.263655 hargrave 2019-10-30 16:23:09 
AF1100 301.4  35.7 301.4  35.7 1.85E-03 000.6 021.6  50.8 1.172947 0.866758 1.121634 hargrave 2019-10-30 16:24:29 
AF1150 301.5  35.7 301.5  35.7 1.70E-03 000.6 021.8  50.9 1.078740 0.806086 1.036634 hargrave 2019-10-30 16:25:51 
AF1200 300.2  35.9 300.2  35.9 1.56E-03 000.6 020.1  51.1 0.992454 0.817837 0.920761 hargrave 2019-10-30 16:27:12 
AF1250 301.0  36.1 301.0  36.1 1.43E-03 000.6 021.2  51.3 0.912952 0.748658 0.847879 hargrave 2019-10-30 16:28:35 
AF1300 301.5  35.7 301.5  35.7 1.33E-03 000.6 021.8  50.8 0.840888 0.641175 0.792157 hargrave 2019-10-30 16:29:58 
