HCT1- 4a sun compass orientation
      0  36.2  14.0   0.0   0.0   1.0
NRM    252.3  62.2 252.3  62.2 2.05E-02 000.4 278.0  67.6 8.438299 8.994471 7.926370 hargrave 2019-10-30 17:40:17 
AF  10 248.4  63.2 248.4  63.2 2.06E-02 000.4 272.6  67.5 8.490366 9.618836 8.442069 hargrave 2019-10-30 17:41:37 
AF  20 242.1  63.7 242.1  63.7 2.11E-02 000.4 265.8  66.5 8.771315 9.988000 8.900064 hargrave 2019-10-30 17:42:56 
AF  30 239.2  62.3 239.2  62.3 2.19E-02 000.4 264.9  64.6 8.818089 10.89338 9.935118 hargrave 2019-10-30 17:44:16 
AF  40 238.9  60.1 238.9  60.1 2.24E-02 000.4 267.1  62.6 9.277270 11.64286 11.05779 hargrave 2019-10-30 17:45:35 
AF  50 239.0  58.9 239.0  58.9 2.25E-02 000.4 268.4  61.6 9.285208 11.84672 11.53796 hargrave 2019-10-30 17:46:55 
AF  60 239.0  58.2 239.0  58.2 2.24E-02 000.4 269.1  60.9 9.163167 11.80600 11.59586 hargrave 2019-10-30 17:48:14 
AF  70 238.9  57.6 238.9  57.6 2.20E-02 000.5 269.5  60.4 8.996522 11.69911 11.61301 hargrave 2019-10-30 17:49:34 
AF  80 238.7  57.2 238.7  57.2 2.15E-02 000.5 269.7  60.0 8.622357 11.25260 11.47692 hargrave 2019-10-30 17:50:54 
AF  90 238.2  56.7 238.2  56.7 2.08E-02 000.5 269.7  59.4 8.394659 11.09180 11.21060 hargrave 2019-10-30 17:52:13 
AF 100 237.6  56.2 237.6  56.2 2.00E-02 000.5 269.6  58.8 7.903909 10.66474 10.84489 hargrave 2019-10-30 17:53:33 
AF 120 236.3  55.4 236.3  55.4 1.84E-02 000.5 268.9  57.8 6.877519 9.844116 10.12253 hargrave 2019-10-30 17:54:52 
AF 140 234.6  54.3 234.6  54.3 1.69E-02 000.5 268.2  56.3 6.142970 8.959223 9.454150 hargrave 2019-10-30 17:56:12 
AF 160 233.0  53.3 233.0  53.3 1.55E-02 000.5 267.4  55.0 5.041602 8.228113 8.897868 hargrave 2019-10-30 17:57:32 
AF 180 231.6  52.5 231.6  52.5 1.43E-02 000.5 266.5  54.0 4.647207 7.539221 8.309603 hargrave 2019-10-30 17:58:51 
AF 200 230.3  51.8 230.3  51.8 1.33E-02 000.4 265.8  53.1 3.833200 6.891281 7.841705 hargrave 2019-10-30 18:01:01 
AF 220 229.5  51.3 229.5  51.3 1.24E-02 000.5 265.4  52.4 3.686056 6.380956 7.366704 hargrave 2019-10-30 18:02:20 
AF 240 228.6  50.6 228.6  50.6 1.16E-02 000.5 264.9  51.6 3.139582 6.059586 7.055863 hargrave 2019-10-30 18:03:40 
AF 260 228.2  50.4 228.2  50.4 1.08E-02 000.5 264.6  51.3 2.908866 5.593430 6.628559 hargrave 2019-10-30 18:04:59 
AF 280 227.8  49.9 227.8  49.9 1.01E-02 000.5 264.6  50.6 2.723698 5.121117 6.244883 hargrave 2019-10-30 18:06:20 
AF 300 227.8  49.6 227.8  49.6 9.43E-03 000.5 264.7  50.4 2.581881 4.873442 5.863010 hargrave 2019-10-30 18:07:40 
AF 320 227.6  49.2 227.6  49.2 8.84E-03 000.5 264.8  50.0 2.276317 4.436452 5.534380 hargrave 2019-10-30 18:08:59 
AF 340 227.3  49.1 227.3  49.1 8.28E-03 000.5 264.7  49.8 2.174449 4.231735 5.204660 hargrave 2019-10-30 18:10:19 
AF 360 227.6  49.0 227.6  49.0 7.79E-03 000.5 265.0  49.8 1.990101 4.035093 4.950323 hargrave 2019-10-30 18:11:39 
AF 380 227.5  49.0 227.5  49.0 7.35E-03 000.5 264.9  49.8 1.861861 3.770350 4.631681 hargrave 2019-10-30 18:12:58 
AF 400 227.6  48.9 227.6  48.9 6.95E-03 000.5 265.0  49.7 1.644408 3.587801 4.430549 hargrave 2019-10-30 18:14:17 
AF 420 228.4  49.1 228.4  49.1 6.58E-03 000.5 265.6  50.0 1.579526 3.370941 4.194175 hargrave 2019-10-30 18:15:37 
AF 440 228.3  49.1 228.3  49.1 6.32E-03 000.5 265.5  50.0 1.493678 3.247915 4.116594 hargrave 2019-10-30 18:16:56 
AF 460 228.6  49.1 228.6  49.1 6.05E-03 000.5 265.9  50.1 1.494649 3.112738 3.856287 hargrave 2019-10-30 18:18:15 
AF 480 228.2  49.1 228.2  49.1 5.77E-03 000.5 265.5  50.1 1.456016 2.963746 3.714813 hargrave 2019-10-30 18:19:36 
AF 500 229.4  48.7 229.4  48.7 5.57E-03 000.5 266.8  50.0 1.346209 2.842258 3.578394 hargrave 2019-10-30 18:20:55 
AF 540 229.4  49.1 229.4  49.1 5.15E-03 000.5 266.6  50.3 1.165976 2.677989 3.317244 hargrave 2019-10-30 18:22:15 
AF 580 230.0  49.3 230.0  49.3 4.86E-03 000.5 267.0  50.6 1.097106 2.466890 3.132131 hargrave 2019-10-30 18:23:34 
AF 620 231.0  49.4 231.0  49.4 4.54E-03 000.5 268.0  51.0 1.056834 2.332516 2.934886 hargrave 2019-10-30 18:24:53 
AF 660 230.6  49.0 230.6  49.0 4.27E-03 000.5 267.9  50.5 0.904904 2.166236 2.782791 hargrave 2019-10-30 18:26:13 
AF 700 231.5  49.1 231.5  49.1 4.00E-03 000.5 268.6  50.9 0.945441 2.106177 2.591422 hargrave 2019-10-30 18:27:32 
AF 740 232.4  49.3 232.4  49.3 3.81E-03 000.5 269.4  51.3 0.874785 2.004954 2.473150 hargrave 2019-10-30 18:28:51 
AF 780 233.3  49.9 233.3  49.9 3.57E-03 000.5 269.9  52.0 0.819002 1.841939 2.270191 hargrave 2019-10-30 18:30:11 
AF 820 233.6  49.4 233.6  49.4 3.35E-03 000.5 270.5  51.6 0.759442 1.766075 2.182305 hargrave 2019-10-30 18:31:30 
AF 860 233.2  50.1 233.2  50.1 3.15E-03 000.5 269.7  52.1 0.694474 1.609207 2.029998 hargrave 2019-10-30 18:32:50 
AF 900 234.2  50.8 234.2  50.8 2.94E-03 000.5 270.2  53.0 0.675039 1.624939 1.870885 hargrave 2019-10-30 18:34:10 
AF 950 234.4  50.4 234.4  50.4 2.71E-03 000.5 270.6  52.7 0.589594 1.460951 1.743575 hargrave 2019-10-30 18:36:19 
AF1000 235.5  50.3 235.5  50.3 2.50E-03 000.5 271.8  52.9 0.626697 1.323761 1.638453 hargrave 2019-10-30 18:37:39 
AF1050 235.2  51.6 235.2  51.6 2.30E-03 000.5 270.6  54.1 0.499507 1.181708 1.440377 hargrave 2019-10-30 18:38:59 
AF1100 236.2  52.8 236.2  52.8 2.09E-03 000.5 270.8  55.4 0.441670 1.092012 1.275305 hargrave 2019-10-30 18:40:19 
AF1150 235.4  53.1 235.4  53.1 1.88E-03 000.5 269.8  55.5 0.406587 1.014639 1.127559 hargrave 2019-10-30 18:42:28 
AF1200 235.5  52.6 235.5  52.6 1.73E-03 000.5 270.3  55.0 0.395524 0.882779 1.076469 hargrave 2019-10-30 18:43:49 
AF1250 237.0  53.3 237.0  53.3 1.62E-03 000.4 271.3  56.0 0.318975 0.764010 1.014445 hargrave 2019-10-30 18:45:11 
AF1300 238.7  54.1 238.7  54.1 1.47E-03 000.5 272.3  57.2 0.380403 0.827645 0.924421 hargrave 2019-10-30 18:46:33 
