HCT1- 8a sun compass orientation
      0  52.0  15.0   0.0   0.0   1.0
NRM    268.0  66.4 268.0  66.4 2.40E-02 000.6 268.3  71.1 13.71617 18.41638 13.66344 hargrave 2019-10-30 22:10:51 
AF  10 269.1  66.1 269.1  66.1 2.39E-02 000.6 270.0  71.1 14.11960 19.03384 14.53397 hargrave 2019-10-30 22:12:09 
AF  20 274.0  64.8 274.0  64.8 2.31E-02 000.6 277.4  71.4 14.00810 18.72366 14.61170 hargrave 2019-10-30 22:13:28 
AF  30 279.8  63.0 279.8  63.0 2.16E-02 000.6 287.1  71.4 13.62173 17.69268 14.10244 hargrave 2019-10-30 22:14:47 
AF  40 285.2  60.8 285.2  60.8 1.94E-02 000.7 297.4  70.8 12.54884 16.07356 13.12835 hargrave 2019-10-30 22:16:05 
AF  50 288.4  59.1 288.4  59.1 1.74E-02 000.7 303.9  70.0 11.60472 14.60648 12.02654 hargrave 2019-10-30 22:17:24 
AF  60 291.7  57.8 291.7  57.8 1.59E-02 000.7 309.9  69.5 10.80589 13.38699 11.09045 hargrave 2019-10-30 22:18:43 
AF  70 293.9  56.6 293.9  56.6 1.46E-02 000.7 314.3  68.8 10.13452 12.38145 10.25048 hargrave 2019-10-30 22:20:01 
AF  80 295.6  55.7 295.6  55.7 1.37E-02 000.7 317.5  68.2 9.559964 11.47850 9.556904 hargrave 2019-10-30 22:21:20 
AF  90 296.7  54.9 296.7  54.9 1.28E-02 000.7 319.7  67.6 9.033657 10.87078 9.051395 hargrave 2019-10-30 22:22:40 
AF 100 297.3  53.9 297.3  53.9 1.20E-02 000.7 321.4  66.8 8.450129 10.16279 8.524564 hargrave 2019-10-30 22:23:58 
AF 120 298.2  52.2 298.2  52.2 1.08E-02 000.7 323.6  65.3 7.650316 9.113288 7.695912 hargrave 2019-10-30 22:25:17 
AF 140 298.5  50.3 298.5  50.3 9.70E-03 000.7 325.2  63.5 6.914642 8.271521 7.048030 hargrave 2019-10-30 22:26:36 
AF 160 298.6  48.5 298.6  48.5 8.84E-03 000.7 326.2  61.7 6.225968 7.449055 6.474488 hargrave 2019-10-30 22:27:55 
AF 180 298.5  47.1 298.5  47.1 8.16E-03 000.7 326.7  60.4 5.706731 6.818175 6.038298 hargrave 2019-10-30 22:29:13 
AF 200 298.4  46.1 298.4  46.1 7.56E-03 000.7 327.0  59.3 5.327509 6.282566 5.630988 hargrave 2019-10-30 22:30:32 
AF 220 298.1  45.1 298.1  45.1 7.04E-03 000.7 327.0  58.3 4.879265 5.768020 5.235579 hargrave 2019-10-30 22:31:51 
AF 240 298.2  44.1 298.2  44.1 6.55E-03 000.7 327.5  57.3 4.463553 5.288134 4.871411 hargrave 2019-10-30 22:33:58 
AF 260 298.0  43.3 298.0  43.3 6.08E-03 000.7 327.4  56.6 4.168367 4.952822 4.570124 hargrave 2019-10-30 22:35:18 
AF 280 297.8  42.7 297.8  42.7 5.69E-03 000.7 327.4  55.9 3.868521 4.601829 4.261154 hargrave 2019-10-30 22:36:37 
AF 300 297.5  42.1 297.5  42.1 5.28E-03 000.7 327.3  55.3 3.504178 4.169092 3.977199 hargrave 2019-10-30 22:37:56 
AF 320 297.6  41.6 297.6  41.6 4.95E-03 000.7 327.5  54.8 3.226706 3.921126 3.648853 hargrave 2019-10-30 22:39:15 
AF 340 297.4  41.5 297.4  41.5 4.62E-03 000.7 327.3  54.7 3.043168 3.529127 3.382001 hargrave 2019-10-30 22:40:33 
AF 360 297.0  41.2 297.0  41.2 4.35E-03 000.7 326.9  54.4 2.757050 3.362110 3.205793 hargrave 2019-10-30 22:41:52 
AF 380 296.9  41.0 296.9  41.0 4.11E-03 000.7 326.8  54.1 2.520032 3.123331 2.997183 hargrave 2019-10-30 22:43:11 
AF 400 296.9  40.8 296.9  40.8 3.92E-03 000.7 326.9  53.9 2.341738 2.858395 2.832614 hargrave 2019-10-30 22:44:30 
AF 420 296.6  40.6 296.6  40.6 3.71E-03 000.6 326.6  53.7 2.170774 2.655211 2.674425 hargrave 2019-10-30 22:45:48 
AF 440 296.8  40.4 296.8  40.4 3.53E-03 000.7 326.9  53.6 2.129944 2.563143 2.553049 hargrave 2019-10-30 22:47:07 
AF 460 296.8  40.3 296.8  40.3 3.38E-03 000.7 327.0  53.5 1.967603 2.481199 2.430220 hargrave 2019-10-30 22:48:27 
AF 480 296.4  40.2 296.4  40.2 3.23E-03 000.6 326.5  53.3 1.828359 2.237041 2.289918 hargrave 2019-10-30 22:49:46 
AF 500 295.8  39.7 295.8  39.7 3.14E-03 000.6 325.9  52.7 1.801520 2.132955 2.227336 hargrave 2019-10-30 22:51:05 
AF 540 296.2  40.5 296.2  40.5 2.90E-03 000.6 326.1  53.6 1.591942 2.003247 2.051988 hargrave 2019-10-30 22:52:23 
AF 580 295.4  39.8 295.4  39.8 2.72E-03 000.6 325.4  52.8 1.442978 1.853317 1.912578 hargrave 2019-10-30 22:53:42 
AF 620 296.2  40.7 296.2  40.7 2.56E-03 000.6 326.0  53.8 1.330606 1.697949 1.774961 hargrave 2019-10-30 22:55:01 
AF 660 295.4  40.7 295.4  40.7 2.43E-03 000.6 325.1  53.6 1.236559 1.622634 1.699734 hargrave 2019-10-30 22:56:19 
AF 700 296.0  40.2 296.0  40.2 2.28E-03 000.6 325.9  53.3 1.132105 1.462002 1.571129 hargrave 2019-10-30 22:57:38 
AF 740 296.5  40.1 296.5  40.1 2.12E-03 000.6 326.7  53.3 1.082306 1.425795 1.480585 hargrave 2019-10-30 22:58:57 
AF 780 296.5  40.5 296.5  40.5 2.03E-03 000.6 326.5  53.6 1.018822 1.320876 1.396569 hargrave 2019-10-30 23:00:15 
AF 820 295.7  40.8 295.7  40.8 1.89E-03 000.6 325.5  53.8 0.904948 1.236832 1.271791 hargrave 2019-10-30 23:01:34 
AF 860 296.1  41.0 296.1  41.0 1.77E-03 000.6 325.8  54.0 0.813681 1.095348 1.209551 hargrave 2019-10-30 23:02:53 
AF 900 296.2  40.5 296.2  40.5 1.66E-03 000.6 326.1  53.5 0.799695 1.063955 1.106130 hargrave 2019-10-30 23:04:12 
AF 950 296.8  41.0 296.8  41.0 1.56E-03 000.6 326.7  54.1 0.780052 1.030382 1.093301 hargrave 2019-10-30 23:05:31 
AF1000 296.4  41.8 296.4  41.8 1.43E-03 000.6 325.9  54.9 0.692217 0.931684 0.954333 hargrave 2019-10-30 23:06:50 
AF1050 296.8  42.0 296.8  42.0 1.31E-03 000.6 326.4  55.1 0.632283 0.868536 0.902612 hargrave 2019-10-30 23:08:10 
AF1100 296.7  42.9 296.7  42.9 1.20E-03 000.6 326.0  56.0 0.569913 0.764729 0.813154 hargrave 2019-10-30 23:09:29 
AF1150 295.4  43.9 295.4  43.9 1.12E-03 000.5 323.9  56.7 0.499967 0.673893 0.744353 hargrave 2019-10-30 23:10:49 
AF1200 295.5  44.2 295.5  44.2 9.84E-04 000.6 323.9  57.1 0.479312 0.652781 0.665583 hargrave 2019-10-30 23:12:10 
AF1250 299.2  43.5 299.2  43.5 9.12E-04 000.6 329.0  56.9 0.438172 0.591014 0.623856 hargrave 2019-10-30 23:13:30 
AF1300 299.6  45.0 299.6  45.0 8.19E-04 000.5 329.0  58.5 0.387430 0.493693 0.537109 hargrave 2019-10-30 23:14:53 
