HCT1- 3a sun compass orientation
      0  27.2  14.0   0.0   0.0   1.0
NRM    285.0  57.0 285.0  57.0 1.27E-02 000.4 339.9  70.4 6.447593 4.837996 7.232535 hargrave 2019-10-30 16:31:29 
AF  10 286.0  55.8 286.0  55.8 1.27E-02 000.5 341.9  69.4 6.861643 6.519274 7.565714 hargrave 2019-10-30 16:32:49 
AF  20 289.8  52.1 289.8  52.1 1.30E-02 000.5 348.9  65.9 7.005679 6.527394 8.234217 hargrave 2019-10-30 16:34:09 
AF  30 293.3  48.1 293.3  48.1 1.34E-02 000.5 354.5  62.0 7.089929 6.306151 8.985505 hargrave 2019-10-30 16:35:29 
AF  40 295.9  45.1 295.9  45.1 1.38E-02 000.5 358.3  59.1 7.109000 6.150267 9.544560 hargrave 2019-10-30 16:37:38 
AF  50 296.9  43.9 296.9  43.9 1.38E-02 000.5 359.5  57.9 7.117681 6.206468 9.744653 hargrave 2019-10-30 16:38:58 
AF  60 297.4  43.2 297.4  43.2 1.38E-02 000.5 000.3  57.2 7.094296 6.084275 9.721631 hargrave 2019-10-30 16:40:18 
AF  70 297.7  42.7 297.7  42.7 1.36E-02 000.5 000.7  56.7 7.457021 6.075142 9.584471 hargrave 2019-10-30 16:41:38 
AF  80 297.8  42.2 297.8  42.2 1.32E-02 000.5 000.8  56.2 6.761290 5.932948 9.335267 hargrave 2019-10-30 16:42:58 
AF  90 297.7  41.8 297.7  41.8 1.28E-02 000.5 000.7  55.8 6.482172 5.776915 9.006628 hargrave 2019-10-30 16:44:18 
AF 100 297.8  41.4 297.8  41.4 1.23E-02 000.5 000.8  55.4 6.221491 5.556444 8.656019 hargrave 2019-10-30 16:45:38 
AF 120 297.6  40.7 297.6  40.7 1.13E-02 000.5 000.5  54.7 5.683296 5.271117 7.919612 hargrave 2019-10-30 16:46:58 
AF 140 297.4  40.0 297.4  40.0 1.03E-02 000.5 000.2  54.0 5.117896 5.003799 7.196901 hargrave 2019-10-30 16:48:18 
AF 160 297.2  39.4 297.2  39.4 9.52E-03 000.5 360.0  53.4 4.659064 4.639704 6.637640 hargrave 2019-10-30 16:49:38 
AF 180 297.0  38.9 297.0  38.9 8.83E-03 000.5 359.7  52.9 4.303528 4.418168 6.165055 hargrave 2019-10-30 16:50:58 
AF 200 296.9  38.6 296.9  38.6 8.27E-03 000.5 359.6  52.6 4.003969 4.158056 5.745385 hargrave 2019-10-30 16:52:18 
AF 220 296.6  38.3 296.6  38.3 7.74E-03 000.5 359.2  52.3 3.737530 3.942576 5.402165 hargrave 2019-10-30 16:53:37 
AF 240 296.4  38.1 296.4  38.1 7.25E-03 000.5 359.0  52.1 3.464276 3.871615 5.047593 hargrave 2019-10-30 16:54:57 
AF 260 296.5  37.8 296.5  37.8 6.79E-03 000.5 359.2  51.8 3.238192 3.522521 4.736354 hargrave 2019-10-30 16:56:17 
AF 280 296.7  37.5 296.7  37.5 6.37E-03 000.5 359.3  51.5 3.018848 3.376287 4.421988 hargrave 2019-10-30 16:57:37 
AF 300 296.6  37.1 296.6  37.1 5.98E-03 000.5 359.3  51.1 2.749130 3.120111 4.197881 hargrave 2019-10-30 16:58:57 
AF 320 296.8  37.0 296.8  37.0 5.59E-03 000.5 359.5  51.0 2.595628 2.891689 3.920159 hargrave 2019-10-30 17:00:17 
AF 340 296.8  36.8 296.8  36.8 5.26E-03 000.5 359.5  50.8 2.417009 2.795471 3.692855 hargrave 2019-10-30 17:01:37 
AF 360 296.9  36.7 296.9  36.7 4.97E-03 000.5 359.6  50.7 2.290968 2.642767 3.516920 hargrave 2019-10-30 17:02:57 
AF 380 296.7  36.6 296.7  36.6 4.72E-03 000.5 359.4  50.6 2.159066 2.433856 3.304339 hargrave 2019-10-30 17:04:17 
AF 400 296.9  36.3 296.9  36.3 4.50E-03 000.5 359.6  50.3 2.037786 2.363142 3.148043 hargrave 2019-10-30 17:05:37 
AF 420 297.3  36.3 297.3  36.3 4.28E-03 000.5 000.1  50.3 1.937152 2.210819 3.023284 hargrave 2019-10-30 17:06:56 
AF 440 297.1  36.4 297.1  36.4 4.13E-03 000.5 359.9  50.4 1.889498 2.160147 2.917874 hargrave 2019-10-30 17:08:16 
AF 460 297.4  36.1 297.4  36.1 3.97E-03 000.5 000.3  50.1 1.816575 2.074726 2.810682 hargrave 2019-10-30 17:10:25 
AF 480 297.4  36.2 297.4  36.2 3.80E-03 000.5 000.2  50.2 1.740942 2.003968 2.690805 hargrave 2019-10-30 17:11:45 
AF 500 297.4  36.1 297.4  36.1 3.69E-03 000.5 000.3  50.1 1.718652 1.972544 2.576336 hargrave 2019-10-30 17:13:04 
AF 540 297.6  35.9 297.6  35.9 3.45E-03 000.6 000.5  49.9 1.593767 1.857672 2.449973 hargrave 2019-10-30 17:14:24 
AF 580 298.4  36.2 298.4  36.2 3.26E-03 000.6 001.6  50.2 1.527813 1.749238 2.312205 hargrave 2019-10-30 17:16:33 
AF 620 298.7  36.2 298.7  36.2 3.07E-03 000.5 002.0  50.2 1.429233 1.594672 2.173833 hargrave 2019-10-30 17:17:52 
AF 660 298.7  36.1 298.7  36.1 2.94E-03 000.6 001.9  50.1 1.405086 1.577071 2.066020 hargrave 2019-10-30 17:19:12 
AF 700 298.6  35.8 298.6  35.8 2.78E-03 000.5 001.8  49.8 1.281443 1.421757 1.963352 hargrave 2019-10-30 17:21:21 
AF 740 298.9  36.1 298.9  36.1 2.62E-03 000.5 002.1  50.0 1.211833 1.323568 1.827893 hargrave 2019-10-30 17:22:41 
AF 780 298.7  36.4 298.7  36.4 2.48E-03 000.5 001.9  50.4 1.098057 1.237265 1.758857 hargrave 2019-10-30 17:24:00 
AF 820 299.1  36.0 299.1  36.0 2.38E-03 000.5 002.4  50.0 1.101703 1.177462 1.689620 hargrave 2019-10-30 17:25:20 
AF 860 299.2  35.9 299.2  35.9 2.22E-03 000.5 002.5  49.9 1.043514 1.135126 1.578895 hargrave 2019-10-30 17:26:41 
AF 900 299.1  35.3 299.1  35.3 2.08E-03 000.5 002.4  49.3 0.949605 1.048300 1.483933 hargrave 2019-10-30 17:28:01 
AF 950 300.1  36.1 300.1  36.1 1.94E-03 000.5 003.7  50.1 0.876607 0.943162 1.392006 hargrave 2019-10-30 17:29:21 
AF1000 300.9  35.3 300.9  35.3 1.80E-03 000.5 004.7  49.2 0.799331 0.881467 1.281416 hargrave 2019-10-30 17:30:41 
AF1050 301.3  35.7 301.3  35.7 1.66E-03 000.5 005.2  49.7 0.754207 0.771186 1.214587 hargrave 2019-10-30 17:32:01 
AF1100 301.0  35.3 301.0  35.3 1.51E-03 000.5 004.8  49.2 0.671505 0.743401 1.088138 hargrave 2019-10-30 17:33:22 
AF1150 301.1  35.6 301.1  35.6 1.40E-03 000.5 004.9  49.6 0.643764 0.639101 1.008909 hargrave 2019-10-30 17:34:43 
AF1200 302.0  35.2 302.0  35.2 1.29E-03 000.5 005.9  49.1 0.585273 0.591781 0.945601 hargrave 2019-10-30 17:36:04 
AF1250 303.6  35.4 303.6  35.4 1.17E-03 000.5 008.0  49.2 0.541971 0.541470 0.854553 hargrave 2019-10-30 17:37:26 
AF1300 302.5  35.8 302.5  35.8 1.11E-03 000.5 006.7  49.7 0.500852 0.499447 0.793786 hargrave 2019-10-30 17:38:49 
