HCT1- 1a sun compass orientation
      0   7.8  17.0   0.0   0.0   1.0
NRM    264.7  54.0 264.7  54.0 2.25E-02 000.4 336.8  70.2 10.51088 7.620996 12.41388 hargrave 2019-10-30 12:48:43 
NRM    264.7  53.6 264.7  53.6 2.25E-02 000.4 337.1  69.9 10.28969 9.560544 13.05366 hargrave 2019-10-30 14:07:30 
AF  10 266.4  52.7 266.4  52.7 2.25E-02 000.5 340.3  69.1 10.54163 10.98529 13.51059 hargrave 2019-10-30 14:08:51 
AF  20 270.8  49.6 270.8  49.6 2.25E-02 000.5 348.6  66.4 10.94105 11.31395 14.31199 hargrave 2019-10-30 14:10:11 
AF  30 274.2  46.2 274.2  46.2 2.22E-02 000.5 354.5  63.1 10.98962 10.90166 14.88838 hargrave 2019-10-30 14:11:31 
AF  40 276.4  42.5 276.4  42.5 2.11E-02 000.5 358.0  59.5 10.43191 10.45503 14.91542 hargrave 2019-10-30 14:12:51 
AF  50 276.9  39.9 276.9  39.9 1.98E-02 000.5 358.7  56.9 9.796661 9.899057 14.58221 hargrave 2019-10-30 14:14:10 
AF  60 277.2  39.2 277.2  39.2 1.94E-02 000.5 359.1  56.2 9.560917 9.856652 14.33865 hargrave 2019-10-30 14:15:30 
AF  70 277.2  38.0 277.2  38.0 1.85E-02 000.5 359.1  55.0 9.046802 9.390464 13.95010 hargrave 2019-10-30 14:16:50 
AF  80 277.1  37.2 277.1  37.2 1.77E-02 000.5 359.0  54.2 8.574696 9.029366 13.47732 hargrave 2019-10-30 14:18:09 
AF  90 277.0  36.6 277.0  36.6 1.69E-02 000.6 358.9  53.6 8.224378 8.846439 12.99532 hargrave 2019-10-30 14:19:29 
AF 100 276.9  36.2 276.9  36.2 1.62E-02 000.6 358.8  53.2 7.801546 8.333761 12.48825 hargrave 2019-10-30 14:20:49 
AF 120 276.9  35.6 276.9  35.6 1.48E-02 000.6 358.8  52.6 7.176605 7.795286 11.44701 hargrave 2019-10-30 14:22:08 
AF 140 276.8  35.0 276.8  35.0 1.34E-02 000.6 358.7  52.0 6.561026 6.920639 10.41806 hargrave 2019-10-30 14:23:28 
AF 160 276.7  34.7 276.7  34.7 1.23E-02 000.6 358.5  51.7 6.066382 6.432115 9.449549 hargrave 2019-10-30 14:24:47 
AF 180 276.7  34.4 276.7  34.4 1.13E-02 000.6 358.6  51.4 5.672844 5.867407 8.698686 hargrave 2019-10-30 14:26:07 
AF 200 276.6  34.4 276.6  34.4 1.04E-02 000.6 358.4  51.4 5.328736 5.203797 8.044033 hargrave 2019-10-30 14:28:17 
AF 220 276.6  34.1 276.6  34.1 9.69E-03 000.6 358.4  51.1 5.000387 5.045622 7.440894 hargrave 2019-10-30 14:29:36 
AF 240 276.6  34.1 276.6  34.1 9.03E-03 000.6 358.4  51.1 4.648218 4.735039 6.904730 hargrave 2019-10-30 14:30:56 
AF 260 276.6  34.2 276.6  34.2 8.44E-03 000.6 358.4  51.2 4.348975 4.420580 6.443327 hargrave 2019-10-30 14:32:16 
AF 280 276.5  34.1 276.5  34.1 7.87E-03 000.6 358.3  51.1 4.109195 4.104569 6.011491 hargrave 2019-10-30 14:33:36 
AF 300 277.0  34.2 277.0  34.2 7.34E-03 000.6 358.9  51.2 3.858282 3.842722 5.562262 hargrave 2019-10-30 14:34:55 
AF 320 277.2  34.4 277.2  34.4 6.88E-03 000.6 359.2  51.4 3.572832 3.591420 5.232172 hargrave 2019-10-30 14:36:15 
AF 340 277.4  34.2 277.4  34.2 6.44E-03 000.6 359.5  51.2 3.386694 3.340160 4.825465 hargrave 2019-10-30 14:37:35 
AF 360 277.9  34.7 277.9  34.7 6.09E-03 000.6 000.1  51.7 3.228972 3.189834 4.490699 hargrave 2019-10-30 14:38:54 
AF 380 278.5  34.5 278.5  34.5 5.76E-03 000.6 000.9  51.5 2.962874 2.952801 4.293690 hargrave 2019-10-30 14:40:14 
AF 400 278.3  34.8 278.3  34.8 5.46E-03 000.6 000.7  51.8 2.853452 2.763127 4.031757 hargrave 2019-10-30 14:42:23 
AF 420 279.1  34.8 279.1  34.8 5.22E-03 000.6 001.7  51.8 2.668570 2.635168 3.829982 hargrave 2019-10-30 14:43:43 
AF 440 279.4  34.8 279.4  34.8 4.95E-03 000.6 002.1  51.8 2.560865 2.501965 3.623831 hargrave 2019-10-30 14:45:02 
AF 460 279.6  34.9 279.6  34.9 4.76E-03 000.6 002.3  51.9 2.440072 2.439249 3.442085 hargrave 2019-10-30 14:46:22 
AF 480 279.6  34.9 279.6  34.9 4.56E-03 000.6 002.5  51.9 2.299993 2.222737 3.281554 hargrave 2019-10-30 14:47:41 
AF 500 280.3  34.8 280.3  34.8 4.37E-03 000.6 003.3  51.8 2.219620 2.172118 3.137084 hargrave 2019-10-30 14:49:01 
AF 540 281.6  35.1 281.6  35.1 4.07E-03 000.6 005.1  52.1 2.095662 2.022800 2.875477 hargrave 2019-10-30 14:50:21 
AF 580 281.3  35.0 281.3  35.0 3.82E-03 000.6 004.6  51.9 2.007878 2.025561 2.709395 hargrave 2019-10-30 14:51:41 
AF 620 281.3  35.2 281.3  35.2 3.58E-03 000.6 004.6  52.1 1.906820 1.832822 2.482853 hargrave 2019-10-30 14:53:01 
AF 660 282.4  34.6 282.4  34.6 3.37E-03 000.6 006.2  51.5 1.772309 1.714720 2.392126 hargrave 2019-10-30 14:54:20 
AF 700 282.5  34.4 282.5  34.4 3.20E-03 000.6 006.2  51.3 1.695994 1.666768 2.224351 hargrave 2019-10-30 14:55:40 
AF 740 283.5  34.2 283.5  34.2 3.00E-03 000.6 007.5  51.1 1.562708 1.508155 2.069855 hargrave 2019-10-30 14:56:59 
AF 780 283.3  34.4 283.3  34.4 2.78E-03 000.6 007.3  51.3 1.437296 1.424220 1.948071 hargrave 2019-10-30 14:58:19 
AF 820 283.7  34.7 283.7  34.7 2.64E-03 000.6 007.8  51.6 1.367810 1.353719 1.887623 hargrave 2019-10-30 14:59:39 
AF 860 284.0  34.9 284.0  34.9 2.50E-03 000.6 008.3  51.8 1.325076 1.276648 1.696893 hargrave 2019-10-30 15:00:59 
AF 900 283.7  34.5 283.7  34.5 2.30E-03 000.5 007.8  51.4 1.151054 1.165832 1.550430 hargrave 2019-10-30 15:02:19 
AF 950 285.5  34.5 285.5  34.5 2.13E-03 000.6 010.2  51.3 1.123257 1.118306 1.446005 hargrave 2019-10-30 15:03:39 
AF1000 284.8  34.8 284.8  34.8 1.95E-03 000.6 009.3  51.6 1.066427 1.033133 1.329016 hargrave 2019-10-30 15:04:59 
AF1050 284.4  33.0 284.4  33.0 1.80E-03 000.6 008.6  49.9 0.988961 0.993670 1.246528 hargrave 2019-10-30 15:06:19 
AF1100 286.0  33.0 286.0  33.0 1.63E-03 000.6 010.7  49.8 0.845316 0.863269 1.123767 hargrave 2019-10-30 15:07:39 
AF1150 285.1  32.9 285.1  32.9 1.49E-03 000.5 009.6  49.8 0.764257 0.728162 1.034501 hargrave 2019-10-30 15:09:00 
AF1200 285.9  32.2 285.9  32.2 1.34E-03 000.5 010.5  49.0 0.689460 0.662609 0.904315 hargrave 2019-10-30 15:10:23 
AF1250 284.3  30.7 284.3  30.7 1.21E-03 000.6 008.3  47.6 0.677517 0.697862 0.817058 hargrave 2019-10-30 15:11:44 
AF1300 285.6  30.3 285.6  30.3 1.10E-03 000.6 010.0  47.1 0.601552 0.608977 0.769030 hargrave 2019-10-30 15:13:07 
