HCT1- 6a sun compass orientation
      0  25.4  11.0   0.0   0.0   1.0
NRM    277.1  57.0 277.1  57.0 1.70E-02 000.5 333.9  67.2 9.615471 9.083757 7.063357 hargrave 2019-10-30 19:58:46 
AF  10 277.1  56.5 277.1  56.5 1.67E-02 000.5 333.9  66.7 9.548676 9.860828 6.829253 hargrave 2019-10-30 20:00:05 
AF  20 278.4  54.7 278.4  54.7 1.59E-02 000.5 336.3  65.0 9.042665 9.505612 6.847475 hargrave 2019-10-30 20:01:24 
AF  30 280.4  51.9 280.4  51.9 1.49E-02 000.5 339.8  62.4 8.404618 8.858044 6.822906 hargrave 2019-10-30 20:02:43 
AF  40 282.7  48.3 282.7  48.3 1.34E-02 000.5 343.5  59.0 7.484179 7.937206 6.569348 hargrave 2019-10-30 20:04:02 
AF  50 284.0  45.7 284.0  45.7 1.23E-02 000.5 345.5  56.5 6.793475 7.271897 6.289533 hargrave 2019-10-30 20:05:21 
AF  60 285.1  44.1 285.1  44.1 1.16E-02 000.5 347.1  54.9 6.278629 6.554246 6.025623 hargrave 2019-10-30 20:07:29 
AF  70 285.7  43.0 285.7  43.0 1.11E-02 000.5 347.9  53.8 5.964072 6.296683 5.864087 hargrave 2019-10-30 20:09:36 
AF  80 286.0  42.2 286.0  42.2 1.06E-02 000.5 348.4  53.0 5.705142 6.076361 5.636303 hargrave 2019-10-30 20:10:55 
AF  90 286.3  41.5 286.3  41.5 1.02E-02 000.5 348.8  52.4 5.472603 5.793658 5.429284 hargrave 2019-10-30 20:12:14 
AF 100 286.5  40.8 286.5  40.8 9.73E-03 000.5 349.1  51.7 5.129170 5.477974 5.285709 hargrave 2019-10-30 20:13:34 
AF 120 286.8  39.7 286.8  39.7 8.91E-03 000.5 349.6  50.6 4.535209 4.857045 4.943089 hargrave 2019-10-30 20:14:53 
AF 140 287.1  38.5 287.1  38.5 8.17E-03 000.5 350.0  49.3 3.962439 4.372516 4.627555 hargrave 2019-10-30 20:16:13 
AF 160 287.2  37.4 287.2  37.4 7.56E-03 000.5 350.2  48.3 3.526298 3.872463 4.358701 hargrave 2019-10-30 20:17:31 
AF 180 287.6  36.8 287.6  36.8 7.08E-03 000.5 350.7  47.7 3.185803 3.518432 4.140378 hargrave 2019-10-30 20:18:50 
AF 200 287.7  36.2 287.7  36.2 6.66E-03 000.5 350.9  47.1 2.879304 3.299854 3.964855 hargrave 2019-10-30 20:20:10 
AF 220 287.9  35.6 287.9  35.6 6.26E-03 000.5 351.2  46.5 2.634026 2.978749 3.751595 hargrave 2019-10-30 20:21:29 
AF 240 288.3  35.2 288.3  35.2 5.88E-03 000.5 351.6  46.1 2.377221 2.795317 3.552826 hargrave 2019-10-30 20:22:48 
AF 260 288.7  34.8 288.7  34.8 5.50E-03 000.5 352.1  45.7 2.170855 2.551853 3.367692 hargrave 2019-10-30 20:24:07 
AF 280 289.0  34.5 289.0  34.5 5.17E-03 000.5 352.4  45.4 2.019934 2.367929 3.174547 hargrave 2019-10-30 20:25:26 
AF 300 288.9  34.0 288.9  34.0 4.81E-03 000.5 352.4  44.9 1.824534 2.175572 2.976903 hargrave 2019-10-30 20:26:46 
AF 320 289.3  33.8 289.3  33.8 4.53E-03 000.5 352.8  44.7 1.737437 2.123663 2.819885 hargrave 2019-10-30 20:28:05 
AF 340 289.4  33.5 289.4  33.5 4.25E-03 000.5 353.0  44.5 1.543474 1.931861 2.693625 hargrave 2019-10-30 20:29:25 
AF 360 289.8  33.4 289.8  33.4 4.00E-03 000.5 353.5  44.3 1.483321 1.822719 2.507148 hargrave 2019-10-30 20:30:43 
AF 380 289.8  33.1 289.8  33.1 3.79E-03 000.5 353.5  44.1 1.369898 1.710510 2.413754 hargrave 2019-10-30 20:32:02 
AF 400 290.2  32.9 290.2  32.9 3.60E-03 000.5 353.9  43.9 1.318993 1.610005 2.315974 hargrave 2019-10-30 20:33:21 
AF 420 290.3  33.0 290.3  33.0 3.41E-03 000.5 354.1  43.9 1.227393 1.512083 2.207770 hargrave 2019-10-30 20:34:40 
AF 440 290.0  32.8 290.0  32.8 3.25E-03 000.5 353.7  43.7 1.195093 1.478320 2.096557 hargrave 2019-10-30 20:35:59 
AF 460 290.6  32.7 290.6  32.7 3.11E-03 000.5 354.4  43.7 1.109113 1.414130 2.016711 hargrave 2019-10-30 20:37:18 
AF 480 290.3  33.0 290.3  33.0 2.97E-03 000.5 354.1  43.9 1.092339 1.354408 1.923602 hargrave 2019-10-30 20:38:37 
AF 500 290.2  33.1 290.2  33.1 2.85E-03 000.5 354.0  44.1 1.060120 1.317952 1.848907 hargrave 2019-10-30 20:39:57 
AF 540 290.7  32.9 290.7  32.9 2.65E-03 000.5 354.5  43.8 1.040263 1.301671 1.748472 hargrave 2019-10-30 20:41:16 
AF 580 291.0  33.1 291.0  33.1 2.48E-03 000.5 354.9  44.0 0.978707 1.188398 1.625926 hargrave 2019-10-30 20:42:35 
AF 620 290.4  33.1 290.4  33.1 2.33E-03 000.5 354.1  44.1 0.950179 1.156342 1.523689 hargrave 2019-10-30 20:43:54 
AF 660 291.2  33.1 291.2  33.1 2.19E-03 000.5 355.1  44.1 0.896189 1.035128 1.441664 hargrave 2019-10-30 20:45:13 
AF 700 291.4  32.8 291.4  32.8 2.06E-03 000.5 355.4  43.7 0.860738 1.066310 1.356303 hargrave 2019-10-30 20:46:32 
AF 740 292.2  32.9 292.2  32.9 1.94E-03 000.5 356.3  43.9 0.747123 0.898155 1.293476 hargrave 2019-10-30 20:47:51 
AF 780 291.7  32.1 291.7  32.1 1.81E-03 000.5 355.7  43.0 0.764122 0.917218 1.203636 hargrave 2019-10-30 20:49:10 
AF 820 291.9  32.8 291.9  32.8 1.71E-03 000.5 355.9  43.8 0.704642 0.861177 1.114427 hargrave 2019-10-30 20:51:19 
AF 860 291.9  33.3 291.9  33.3 1.59E-03 000.5 355.9  44.3 0.653046 0.747208 1.046942 hargrave 2019-10-30 20:52:39 
AF 900 292.7  32.5 292.7  32.5 1.47E-03 000.5 356.9  43.5 0.601516 0.705975 0.977205 hargrave 2019-10-30 20:53:59 
AF 950 292.3  33.1 292.3  33.1 1.37E-03 000.5 356.3  44.1 0.572565 0.706076 0.902602 hargrave 2019-10-30 20:55:18 
AF1000 292.9  33.4 292.9  33.4 1.27E-03 000.5 357.1  44.4 0.532025 0.624462 0.842753 hargrave 2019-10-30 20:56:38 
AF1050 294.1  33.3 294.1  33.3 1.14E-03 000.5 358.4  44.3 0.476698 0.562104 0.772620 hargrave 2019-10-30 20:57:58 
AF1100 293.4  33.8 293.4  33.8 1.03E-03 000.5 357.7  44.8 0.444390 0.540287 0.685472 hargrave 2019-10-30 20:59:18 
AF1150 293.6  34.4 293.6  34.4 9.44E-04 000.5 357.9  45.4 0.416744 0.509232 0.641567 hargrave 2019-10-30 21:00:39 
AF1200 293.7  32.8 293.7  32.8 8.64E-04 000.5 358.0  43.8 0.350514 0.443238 0.571174 hargrave 2019-10-30 21:01:59 
AF1250 294.0  33.1 294.0  33.1 8.16E-04 000.5 358.3  44.1 0.319632 0.410219 0.548268 hargrave 2019-10-30 21:03:21 
AF1300 294.7  33.4 294.7  33.4 7.43E-04 000.5 359.1  44.4 0.295031 0.404112 0.491323 hargrave 2019-10-30 21:04:42 
